dof_target,dof_pos,dof_vel,torque_action,real_pos,real_vel,real_torque,hh,overshooting,danger_vel
0.0,5.5428000488730064e-30,-7.717930402224431e-34,-4.988516778932597e-28,0.032997634851605895,0.018783882783882433,2.4263736263736178,0.9670023651483941,0,0
0.0,3.325680179787081e-29,-7.717930402224431e-34,-2.993111800696508e-27,0.032997634851605895,-0.00626129426129296,2.2857142857142776,0.9670023651483941,0,0
0.0,6.097079527138838e-29,-7.717930402224431e-34,-5.487371153127779e-27,0.032997634851605895,-0.031306471306471906,2.9890109890109784,0.9670023651483941,0,0
0.0,8.868480680049918e-29,-7.717930402224431e-34,-7.981632238896e-27,0.032997634851605895,0.018783882783882433,2.707692307692298,0.9670023651483941,0,0
0.0,1.163988123110789e-28,-7.717930402224431e-34,-1.0475892554292242e-26,0.032997634851605895,0.043829059829057826,2.707692307692298,0.9670023651483941,0,0
0.0,1.441128238401897e-28,-7.717930402224431e-34,-1.2970153640060463e-26,0.032997634851605895,0.018783882783882433,2.637362637362628,0.9670023651483941,0,0
0.0,1.718268353693005e-28,-7.717930402224431e-34,-1.5464414725828683e-26,0.032997634851605895,-0.043829059829057826,2.0747252747252674,0.9670023651483941,0,0
0.0,1.995408468984113e-28,-7.717930402224431e-34,-1.7958675811596904e-26,0.032997634851605895,-0.031306471306471906,2.4263736263736178,0.9670023651483941,0,0
0.0,2.2725475009396273e-28,-7.717930402224431e-34,-2.045292765290139e-26,0.032997634851605895,-0.043829059829057826,2.496703296703288,0.9670023651483941,0,0
0.0,2.54968641252452e-28,-7.717930402224431e-34,-2.2947177953461923e-26,0.032997634851605895,0.018783882783882433,2.496703296703288,0.9670023651483941,0,0
0.0,2.826825324109413e-28,-7.717930402224431e-34,-2.5441428254022455e-26,0.032997634851605895,-0.043829059829057826,2.2857142857142776,0.9670023651483941,0,0
0.0,3.1039642356943056e-28,-7.717930402224431e-34,-2.793567855458299e-26,0.032997634851605895,0.018783882783882433,2.637362637362628,0.9670023651483941,0,0
0.0,3.3811031472791983e-28,-7.717930402224431e-34,-3.0429927314399564e-26,0.032997634851605895,-0.043829059829057826,2.496703296703288,0.9670023651483941,0,0
0.0,3.658242058864091e-28,-7.717930402224431e-34,-3.292417915570405e-26,0.032997634851605895,0.00626129426129296,2.496703296703288,0.9670023651483941,0,0
0.0,3.935380970448984e-28,-7.717930402224431e-34,-3.541842791552063e-26,0.032997634851605895,0.018783882783882433,2.4263736263736178,0.9670023651483941,0,0
0.0,4.212521567222578e-28,-7.717930402224431e-34,-3.791269516426467e-26,0.032997634851605895,-0.00626129426129296,2.637362637362628,0.9670023651483941,0,0
0.0,4.489662886219901e-28,-7.717930402224431e-34,-4.0406965494496624e-26,0.032997634851605895,0.043829059829057826,2.567032967032958,0.9670023651483941,0,0
0.0,4.766804205217224e-28,-7.717930402224431e-34,-4.290123890621649e-26,0.032997634851605895,-0.06887423687423677,2.496703296703288,0.9670023651483941,0,0
0.0,5.043945524214548e-28,-7.717930402224431e-34,-4.539550923644844e-26,0.032997634851605895,-0.018783882783882433,2.778021978021968,0.9670023651483941,0,0
0.0,5.321086843211871e-28,-7.717930402224431e-34,-4.788978264816831e-26,0.032997634851605895,-0.043829059829057826,2.637362637362628,0.9670023651483941,0,0
0.0,5.598228162209194e-28,-7.717930402224431e-34,-5.038405297840026e-26,0.032997634851605895,-0.043829059829057826,2.707692307692298,0.9670023651483941,0,0
3.9269907574635e-05,5.875369481206517e-28,-7.717930402224431e-34,0.0035342916380614042,0.032997634851605895,0.00626129426129296,2.707692307692298,0.9670023651483941,0,0
0.00015707963029854,6.152510800203841e-28,-7.717930402224431e-34,0.014137166552245617,0.032997634851605895,-0.00626129426129296,2.8483516483516382,0.9670023651483941,0,0
0.0003534291754476726,6.429652119201164e-28,-7.717930402224431e-34,0.031808625906705856,0.032997634851605895,-0.00626129426129296,2.637362637362628,0.9670023651483941,0,0
0.0006283184629864991,6.706793438198487e-28,-7.717930402224431e-34,0.05654866248369217,0.032997634851605895,-0.018783882783882433,2.3560439560439477,0.9670023651483941,0,0
0.0009817475220188498,6.98393475719581e-28,-7.717930402224431e-34,0.08835727721452713,0.032997634851605895,-0.031306471306471906,2.707692307692298,0.9670023651483941,0,0
0.0014137162361294031,7.2610760761931335e-28,-7.717930402224431e-34,0.12723445892333984,0.032997634851605895,0.018783882783882433,3.2703296703296587,0.9670023651483941,0,0
0.0019242243142798543,7.538217395190457e-28,-7.717930402224431e-34,0.17318019270896912,0.032997634851605895,-0.031306471306471906,3.0593406593406485,0.9670023651483941,0,0
0.0025132715236395597,7.81535871418778e-28,-7.717930402224431e-34,0.22619444131851196,0.032997634851605895,-0.043829059829057826,2.9186813186813083,0.9670023651483941,0,0
0.0031808572821319103,8.092499551702617e-28,-7.717930402224431e-34,0.2862771451473236,0.032997634851605895,-0.018783882783882433,3.340659340659329,0.9670023651483941,0,0
0.003926980774849653,8.369631241050218e-28,-7.717930402224431e-34,0.35342827439308167,0.032997634851605895,-0.018783882783882433,3.2703296703296587,0.9670023651483941,0,0
0.00475164083763957,8.64676293039782e-28,-7.717930402224431e-34,0.4276476800441742,0.032997634851605895,0.043829059829057826,3.1999999999999886,0.9670023651483941,0,0
0.005654836539179087,8.923894619745421e-28,-7.717930402224431e-34,0.508935272693634,0.032997634851605895,-0.06887423687423677,3.1296703296703186,0.9670023651483941,0,0
0.006636565551161766,9.201026309093022e-28,-7.717930402224431e-34,0.5972908735275269,0.032997634851605895,-0.018783882783882433,3.9032967032966894,0.9670023651483941,0,0
0.007696826010942459,9.478157998440624e-28,-7.717930402224431e-34,0.6927143335342407,0.032997634851605895,-0.018783882783882433,4.043956043956058,0.9670023651483941,0,0
0.008835614658892155,9.755289687788225e-28,-7.717930402224431e-34,0.795205295085907,0.032997634851605895,-0.00626129426129296,3.9032967032966894,0.9670023651483941,0,0
0.01005292683839798,1.0032421377135826e-27,-7.717930402224431e-34,0.904763400554657,0.032997634851605895,-0.043829059829057826,4.325274725274738,0.9670023651483941,0,0
0.01134875975549221,1.0309553066483428e-27,-7.717930402224431e-34,1.0213884115219116,0.032997634851605895,-0.018783882783882433,4.4659340659340785,0.9670023651483941,0,0
0.012723106890916824,1.0586684755831029e-27,-7.717930402224431e-34,1.1450796127319336,0.032997634851605895,-0.00626129426129296,4.817582417582429,0.9670023651483941,0,0
0.0141759617254138,1.086381644517863e-27,-7.717930402224431e-34,1.2758365869522095,0.032997634851605895,-0.031306471306471906,5.169230769230779,0.9670023651483941,0,0
0.015707317739725113,1.1140948134526231e-27,-7.717930402224431e-34,1.413658618927002,0.032997634851605895,-0.018783882783882433,5.3802197802197895,0.9670023651483941,0,0
0.017317164689302444,1.1418079823873833e-27,-7.717930402224431e-34,1.5585448741912842,0.03604943923094517,0.607345543345545,4.043956043956058,0.9639505607690548,0,0
0.019005490466952324,1.1695211513221434e-27,-7.717930402224431e-34,1.7104941606521606,0.04482337682154558,0.8953650793650816,2.496703296703288,0.9551766231784544,0,0
0.020772287622094154,1.1972343202569035e-27,-7.717930402224431e-34,1.8695058822631836,0.05512321660181563,0.8202295482295483,0.31648351648351536,0.9448767833981844,0,0
0.022617537528276443,1.2249474891916637e-27,-7.717930402224431e-34,2.035578489303589,0.06275272755016381,0.5322100122100117,-0.1758241758241752,0.9372472724498362,0,0
0.024541229009628296,1.2526606581264238e-27,-7.717930402224431e-34,2.2087106704711914,0.06694895857175531,0.2316678876678857,-0.5978021978021957,0.9330510414282447,0,0
0.02654333971440792,1.280373827061184e-27,-7.717930402224431e-34,2.3889005184173584,0.06771190966659013,0.00626129426129296,0.5274725274725256,0.9322880903334099,0,0
0.028623852878808975,1.308086995995944e-27,-7.717930402224431e-34,2.5761468410491943,0.06771190966659013,-0.018783882783882433,1.1604395604395563,0.9322880903334099,0,0
0.03078274428844452,1.3358001649307042e-27,-7.717930402224431e-34,2.770447015762329,0.06771190966659013,-0.0563516483516473,1.4417582417582366,0.9322880903334099,0,0
0.03301998972892761,1.3635133338654643e-27,-7.717930402224431e-34,2.97179913520813,0.06771190966659013,0.018783882783882433,1.9340659340659272,0.9322880903334099,0,0
0.03533555939793587,1.3912265028002245e-27,-7.717930402224431e-34,3.1802003383636475,0.06771190966659013,-0.00626129426129296,2.2857142857142776,0.9322880903334099,0,0
0.037729423493146896,1.4189396717349846e-27,-7.717930402224431e-34,3.3956480026245117,0.06771190966659013,0.00626129426129296,2.9890109890109784,0.9322880903334099,0,0
0.04020154848694801,1.4466528406697447e-27,-7.717930402224431e-34,3.6181392669677734,0.06771190966659013,-0.0563516483516473,3.2703296703296587,0.9322880903334099,0,0
0.042751897126436234,1.4743660096045048e-27,-7.717930402224431e-34,3.847670793533325,0.06771190966659013,-0.043829059829057826,3.7626373626373493,0.9322880903334099,0,0
0.045380424708127975,1.502079178539265e-27,-7.717930402224431e-34,4.084238052368164,0.06771190966659013,-0.018783882783882433,4.254945054945068,0.9322880903334099,0,0
0.04808708652853966,1.5297923474740251e-27,-7.717930402224431e-34,4.327837944030762,0.06771190966659013,-0.031306471306471906,4.536263736263749,0.9322880903334099,0,0
0.0508718341588974,1.5575055164087852e-27,-7.717930402224431e-34,4.578464984893799,0.06847486076142495,0.2817582417582436,4.747252747252759,0.931525139238575,0,0
0.053734611719846725,1.5852186853435454e-27,-7.717930402224431e-34,4.836114883422852,0.07534142061493831,0.770139194139194,3.621978021978009,0.9246585793850617,0,0
0.05667536333203316,0.011072788387537003,0.7275054454803467,3.813229560852051,0.08525978484779095,0.8828424908424921,1.0197802197802162,0.914740215152209,0,0
0.05969402194023132,0.03609060123562813,1.1100080013275146,1.6803046464920044,0.09517814908064359,0.7826617826617834,0.1758241758241752,0.9048218509193564,0,0
0.06279052048921585,0.0633777305483818,0.9535440802574158,-0.4342665374279022,0.10166323338673955,0.4320293040293066,-0.38681318681318544,0.8983367666132605,0,0
0.06596478074789047,0.079911969602108,0.3336833417415619,-1.3887202739715576,0.10509651331349623,0.11896459096459111,0.24615384615384528,0.8949034866865038,0,0
0.06921672821044922,0.0817037969827652,1.0866779240588756e-18,-1.1238361597061157,0.10662241550316587,0.11896459096459111,0.6681318681318658,0.8933775844968341,0,0
0.07254627346992493,0.0817037969827652,1.0866779240588756e-18,-0.8241771459579468,0.10700389105058328,0.08139682539682269,1.723076923076917,0.8929961089494167,0,0
0.07595332711935043,0.0817037969827652,1.0866779240588756e-18,-0.51754230260849,0.10700389105058328,-0.00626129426129296,2.0747252747252674,0.8929961089494167,0,0
0.07943777740001678,0.0817037969827652,1.0866779240588756e-18,-0.20394176244735718,0.10700389105058328,0.00626129426129296,2.707692307692298,0.8929961089494167,0,0
0.08299953490495682,0.0817037969827652,1.0866779240588756e-18,0.11661641299724579,0.10700389105058328,0.00626129426129296,3.9736263736263595,0.8929961089494167,0,0
0.08663847297430038,0.0817037969827652,1.0866779240588756e-18,0.4441208243370056,0.10700389105058328,-0.00626129426129296,4.184615384615398,0.8929961089494167,0,0
0.09035447239875793,0.0817037969827652,1.0866779240588756e-18,0.7785607576370239,0.10700389105058328,-0.0563516483516473,5.45054945054946,0.8929961089494167,0,0
0.09414740651845932,0.0817037969827652,1.0866779240588756e-18,1.1199249029159546,0.10929274433508773,0.5071648351648328,4.747252747252759,0.8907072556649123,0,0
0.0980171412229538,0.0817037969827652,1.0866779240588756e-18,1.468200922012329,0.11806668192568814,0.9329328449328465,2.778021978021968,0.8819333180743119,0,0
0.10196352005004883,0.0817037969827652,1.0866779240588756e-18,1.8233751058578491,0.12989242389562783,1.0080683760683762,0.7384615384615358,0.8701075761043722,0,0
0.10598639398813248,0.0817037969827652,1.0866779240588756e-18,2.1854336261749268,0.14019226367589788,0.8077069597069588,0.5978021978021957,0.8598077363241021,0,0
0.11008559912443161,0.0817037969827652,1.0866779240588756e-18,2.5543622970581055,0.14744029907682865,0.457074481074482,0.03516483516483504,0.8525597009231713,0,0
0.1142609566450119,0.0817037969827652,1.0866779240588756e-18,2.9301443099975586,0.15163653009842015,0.2692356532356541,0.7384615384615358,0.8483634699015798,0,0
0.11851228028535843,0.0817037969827652,1.0866779240588756e-18,3.3127634525299072,0.1531624322880898,0.16905494505494545,1.793406593406587,0.8468375677119102,0,0
0.12283938378095627,0.0817037969827652,1.0866779240588756e-18,3.702202796936035,0.15430685893034202,-0.0563516483516473,2.0747252747252674,0.845693141069658,0,0
0.1272420585155487,0.0817037969827652,1.0866779240588756e-18,4.098443508148193,0.15430685893034202,-0.031306471306471906,2.8483516483516382,0.845693141069658,0,0
0.13172006607055664,0.0817037969827652,1.0866779240588756e-18,4.501464366912842,0.15430685893034202,0.00626129426129296,3.8329670329670193,0.845693141069658,0,0
0.13627320528030396,0.0817037969827652,1.0866779240588756e-18,4.9112467765808105,0.15430685893034202,0.00626129426129296,5.169230769230779,0.845693141069658,0,0
0.14090123772621155,0.09299077093601227,0.7421379089355469,4.015086650848389,0.15430685893034202,0.00626129426129296,6.2241758241758305,0.845693141069658,0,0
0.14560388028621674,0.1189432218670845,1.1628639698028564,1.9343136548995972,0.15545128557259424,0.4320293040293066,5.52087912087913,0.8445487144274058,0,0
0.15038087964057922,0.14826369285583496,1.0516892671585083,-0.23012889921665192,0.16498817425802947,1.1207716727716708,3.410989010988999,0.8350118257419705,0,0
0.15523196756839752,0.16776397824287415,0.4581034183502197,-1.3111222982406616,0.1783398184176388,1.220952380952383,1.5120879120879067,0.8216601815823612,0,0
0.16015684604644775,0.17120707035064697,2.237825577141195e-16,-0.9945201873779297,0.19169146257724812,1.0456361416361446,0.1758241758241752,0.8083085374227519,0,0
0.16515518724918365,0.17120707035064697,2.237825577141195e-16,-0.544669508934021,0.20122835126268335,0.6449133089133099,0.5978021978021957,0.7987716487373167,0,0
0.17022669315338135,0.17120707035064697,2.237825577141195e-16,-0.08823394775390625,0.20695048447394448,0.31932600732600847,-0.03516483516483504,0.7930495155260555,0,0
0.17537102103233337,0.17120707035064697,2.237825577141195e-16,0.3747555613517761,0.21000228885328376,0.15653235653235598,1.3714285714285666,0.7899977111467162,0,0
0.18058781325817108,0.17120707035064697,2.237825577141195e-16,0.8442668318748474,0.21000228885328376,-0.031306471306471906,2.2153846153846075,0.7899977111467162,0,0
0.18587669730186462,0.17120707035064697,2.237825577141195e-16,1.3202664852142334,0.21038376440070117,0.018783882783882433,2.9890109890109784,0.7896162355992988,0,0
0.19123728573322296,0.17120707035064697,2.237825577141195e-16,1.8027193546295166,0.21038376440070117,-0.0563516483516473,4.043956043956058,0.7896162355992988,0,0
0.19666919112205505,0.17120707035064697,2.237825577141195e-16,2.291590929031372,0.21038376440070117,-0.0563516483516473,5.5912087912088,0.7896162355992988,0,0
0.20217199623584747,0.17120707035064697,2.237825577141195e-16,2.7868432998657227,0.21038376440070117,0.00626129426129296,6.364835164835171,0.7896162355992988,0,0
0.2077452391386032,0.17120707035064697,2.237825577141195e-16,3.288435220718384,0.21305409323262303,0.619868131868131,5.87252747252748,0.786945906767377,0,0
0.21338847279548645,0.17120707035064697,2.237825577141195e-16,3.796326160430908,0.22487983520256272,1.3086105006104987,3.481318681318669,0.7751201647974373,0,0
0.21910123527050018,0.17120707035064697,2.237825577141195e-16,4.310474872589111,0.2412832837415113,1.4087912087912073,1.3010989010988965,0.7587167162584887,0,0
0.224883034825325,0.17120707035064697,2.237825577141195e-16,4.830836772918701,0.25616083009079205,1.1458168498168497,-0.10549450549450512,0.743839169909208,0,0
0.23073333501815796,0.1822647601366043,0.7264764904975891,4.0715813636779785,0.2668421454184795,0.6323907203907204,0.03516483516483504,0.7331578545815205,0,0
0.23665161430835724,0.20801962912082672,1.1617964506149292,2.1121602058410645,0.27256427862974064,0.35689377289377333,0.38681318681318544,0.7274357213702594,0,0
0.24263732135295868,0.2378820925951004,1.090579867362976,-0.008261358365416527,0.2752346074616625,0.21914529914529624,0.7384615384615358,0.7247653925383375,0,0
0.24868988990783691,0.25905120372772217,0.541834831237793,-1.14925217628479,0.2756160830090799,-0.018783882783882433,2.707692307692298,0.7243839169909201,0,0
0.2548086941242218,0.2641279399394989,1.7378932320841103e-18,-0.838732123374939,0.2756160830090799,-0.043829059829057826,3.481318681318669,0.7243839169909201,0,0
0.2609931528568268,0.2641279399394989,1.7378932320841103e-18,-0.2821308374404907,0.2756160830090799,-0.0563516483516473,4.887912087912099,0.7243839169909201,0,0
0.26724258065223694,0.2641279399394989,1.7378932320841103e-18,0.28031766414642334,0.2756160830090799,-0.00626129426129296,6.15384615384616,0.7243839169909201,0,0
0.27355635166168213,0.2641279399394989,1.7378932320841103e-18,0.8485570549964905,0.27752346074616696,0.5948229548229556,6.2241758241758305,0.722476539253833,0,0
0.27993375062942505,0.2641279399394989,1.7378932320841103e-18,1.422523021697998,0.2885862516212718,1.2459975579975584,4.817582417582429,0.7114137483787282,0,0
0.2863740622997284,0.2641279399394989,1.7378932320841103e-18,2.0021510124206543,0.304608224612803,1.5214945054945055,1.1604395604395563,0.695391775387197,0,0
0.29287657141685486,0.2641279399394989,1.7378932320841103e-18,2.587376832962036,0.3210116731517516,1.2459975579975584,-0.1758241758241752,0.6789883268482484,0,0
0.2994404733181,0.2641279399394989,1.7378932320841103e-18,3.1781280040740967,0.3332188906691087,0.8202295482295483,-0.24615384615384528,0.6667811093308913,0,0
0.30606502294540405,0.2641279399394989,1.7378932320841103e-18,3.7743375301361084,0.3408484016174569,0.44455189255189254,0.31648351648351536,0.6591515983825431,0,0
0.31274938583374023,0.2641279399394989,1.7378932320841103e-18,4.375930309295654,0.34428168154421357,0.25671306471306465,1.0901098901098862,0.6557183184557864,0,0
0.31949272751808167,0.2641279399394989,1.7378932320841103e-18,4.982831001281738,0.3461890592813006,0.16905494505494545,2.637362637362628,0.6538109407186994,0,0
0.3262941539287567,0.27561861276626587,0.7560588121414185,4.25837516784668,0.3488593881132225,0.24419047619047873,2.637362637362628,0.6511406118867775,0,0
0.33315280079841614,0.30260738730430603,1.2232990264892578,2.259767532348633,0.3534370946822314,0.457074481074482,2.637362637362628,0.6465629053177686,0,0
0.34006771445274353,0.33435481786727905,1.171176791191101,0.04568997770547867,0.36030365453574476,0.6323907203907204,2.567032967032958,0.6396963454642552,0,0
0.3470379710197449,0.3575557768344879,0.6159868836402893,-1.1929972171783447,0.36869611657892776,0.7951843711843694,2.4263736263736178,0.6313038834210722,0,0
0.3540625274181366,0.36399051547050476,-2.332454784870208e-10,-0.8935189247131348,0.37747005416952817,0.7200488400488432,2.496703296703288,0.6225299458304718,0,0
0.3611404299736023,0.36399051547050476,4.493032270360049e-16,-0.2565076947212219,0.38586251621271117,0.7075262515262501,2.1450549450549374,0.6141374837872888,0,0
0.368270605802536,0.36399051547050476,4.493032270360049e-16,0.3852081298828125,0.39349202716105935,0.5948229548229556,1.1604395604395563,0.6065079728389406,0,0
0.3754519820213318,0.36399051547050476,4.493032270360049e-16,1.0315319299697876,0.4003585870145727,0.5697777777777802,1.8637362637362571,0.5996414129854273,0,0
0.3826834261417389,0.36399051547050476,4.493032270360049e-16,1.6823619604110718,0.4068436713206687,0.5322100122100117,2.707692307692298,0.5931563286793313,0,0
0.389963835477829,0.36399051547050476,4.493032270360049e-16,2.3375988006591797,0.4129472800793472,0.5697777777777802,2.2857142857142776,0.5870527199206528,0,0
0.39729204773902893,0.36399051547050476,4.493032270360049e-16,2.997138023376465,0.4198138399328606,0.5823003663003661,1.793406593406587,0.5801861600671394,0,0
0.40466681122779846,0.36399051547050476,4.493032270360049e-16,3.6608667373657227,0.42668039978637395,0.6323907203907204,2.637362637362628,0.573319600213626,0,0
0.41208693385124207,0.36399051547050476,4.493032270360049e-16,4.328677654266357,0.43392843518730473,0.6449133089133099,2.567032967032958,0.5660715648126953,0,0
0.4195511043071747,0.36399051547050476,4.493032270360049e-16,5.000452995300293,0.4415579461356529,0.7075262515262501,2.496703296703288,0.5584420538643471,0,0
0.42705804109573364,0.3755314350128174,0.7594814896583557,4.333601951599121,0.4491874570840011,0.6824810744810748,2.496703296703288,0.5508125429159989,0,0
0.4346063733100891,0.4028192162513733,1.241215705871582,2.3643579483032227,0.4568169680323493,0.7075262515262501,2.2857142857142776,0.5431830319676507,0,0
0.44219475984573364,0.4353095293045044,1.2082587480545044,0.13636724650859833,0.4648279545281149,0.6824810744810748,2.1450549450549374,0.5351720454718851,0,0
0.4498217701911926,0.459674596786499,0.6661337614059448,-1.1532078981399536,0.47245746547646306,0.5948229548229556,1.8637362637362571,0.5275425345235369,0,0
0.45748597383499146,0.4671477973461151,-2.8193426260259002e-08,-0.8695641160011292,0.48008697642481124,0.6449133089133099,2.4263736263736178,0.5199130235751888,0,0
0.46518585085868835,0.4671477973461151,1.7377364813580315e-18,-0.1765751838684082,0.487335011825742,0.607345543345545,2.637362637362628,0.512664988174258,0,0
0.47291988134384155,0.4671477973461151,1.7377364813580315e-18,0.5194875597953796,0.4945830472266728,0.5948229548229556,2.9186813186813083,0.5054169527733272,0,0
0.4806865155696869,0.4671477973461151,1.7377364813580315e-18,1.21848464012146,0.502212558175021,0.6449133089133099,2.496703296703288,0.497787441824979,0,0
0.4884841740131378,0.4671477973461151,1.7377364813580315e-18,1.9202739000320435,0.5098420691233692,0.619868131868131,2.3560439560439477,0.49015793087663084,0,0
0.496311217546463,0.4671477973461151,1.7377364813580315e-18,2.6247076988220215,0.5174715800717173,0.6950036630036607,2.0043956043955973,0.48252841992828266,0,0
0.5041659474372864,0.4671477973461151,1.7377364813580315e-18,3.3316335678100586,0.5254825665674829,0.6824810744810748,2.4263736263736178,0.47451743343251707,0,0
0.5120466351509094,0.4671477973461151,1.7377364813580315e-18,4.040895462036133,0.5331120775158311,0.6699584859584853,2.1450549450549374,0.4668879224841689,0,0
0.5199515223503113,0.4671477973461151,1.7377364813580315e-18,4.752335071563721,0.5411230640115967,0.6323907203907204,1.9340659340659272,0.4588769359884033,0,0
0.5278788805007935,0.4779813587665558,0.7111604809761047,4.206312656402588,0.5487525749599449,0.757616605616608,2.637362637362628,0.4512474250400551,0,0
0.5358268022537231,0.5037752389907837,1.1767847537994385,2.413926839828491,0.5567635614557105,0.6574358974358958,2.1450549450549374,0.4432364385442895,0,0
0.5437934398651123,0.5349351763725281,1.1689354181289673,0.3296695351600647,0.5647745479514761,0.6574358974358958,2.707692307692298,0.4352254520485239,0,0
0.5517768859863281,0.559069812297821,0.6831486225128174,-0.9296228289604187,0.5724040588998243,0.7200488400488432,2.0043956043955973,0.42759594110017574,0,0
0.559775173664093,0.5676538944244385,0.006705371662974358,-0.7117670178413391,0.5804150453955899,0.607345543345545,1.9340659340659272,0.41958495460441014,0,0
0.5677862763404846,0.567654013633728,1.7376554176580013e-18,0.011903643608093262,0.5884260318913554,0.6574358974358958,2.707692307692298,0.41157396810864455,0,0
0.5758081674575806,0.567654013633728,1.7376554176580013e-18,0.7338738441467285,0.5960555428397036,0.619868131868131,3.0593406593406485,0.40394445716029637,0,0
0.5838388204574585,0.567654013633728,1.7376554176580013e-18,1.4566326141357422,0.6040665293354692,0.6824810744810748,3.2703296703296587,0.3959334706645308,0,0
0.5918760299682617,0.567654013633728,1.7376554176580013e-18,2.1799814701080322,0.6116960402838174,0.6950036630036607,2.3560439560439477,0.3883039597161826,0,0
0.5999176502227783,0.567654013633728,1.7376554176580013e-18,2.9037272930145264,0.619707026779583,0.6824810744810748,2.778021978021968,0.380292973220417,0,0
0.6079614758491516,0.567654013633728,1.7376554176580013e-18,3.627671718597412,0.628099488822766,0.7075262515262501,3.0593406593406485,0.371900511177234,0,0
0.6160052418708801,0.567654013633728,1.7376554176580013e-18,4.3516106605529785,0.6361104753185316,0.6574358974358958,2.2153846153846075,0.3638895246814684,0,0
0.6240466833114624,0.567654013633728,1.7376554176580013e-18,5.075340270996094,0.6437399862668798,0.6950036630036607,2.3560439560439477,0.3562600137331202,0,0
0.6320834159851074,0.5794076323509216,0.7740188241004944,4.431212902069092,0.6517509727626454,0.6699584859584853,2.4263736263736178,0.3482490272373546,0,0
0.6401130557060242,0.607317328453064,1.2725247144699097,2.442605495452881,0.659761959258411,0.6824810744810748,2.4263736263736178,0.34023804074158903,0,0
0.6481332182884216,0.6407754421234131,1.2499006986618042,0.16223958134651184,0.6677729457541766,0.619868131868131,2.9186813186813083,0.33222705424582344,0,0
0.6561413407325745,0.6661828756332397,0.7039371728897095,-1.1853129863739014,0.6754024567025247,0.619868131868131,2.778021978021968,0.32459754329747526,0,0
0.6641350388526917,0.6743764281272888,2.8003481755689563e-09,-0.9217250347137451,0.6834134431982903,0.6323907203907204,2.637362637362628,0.31658655680170966,0,0
0.6721116304397583,0.6743764281272888,9.020827831666598e-16,-0.20383179187774658,0.6910429541466385,0.6824810744810748,2.9890109890109784,0.3089570458533615,0,0
0.6800685524940491,0.6743764281272888,9.020827831666598e-16,0.5122911930084229,0.6990539406424041,0.6699584859584853,2.637362637362628,0.3009460593575959,0,0
0.6880031824111938,0.6743764281272888,9.020827831666598e-16,1.2264078855514526,0.7070649271381697,0.6950036630036607,2.8483516483516382,0.2929350728618303,0,0
0.695912778377533,0.6743764281272888,9.020827831666598e-16,1.9382715225219727,0.7146944380865179,0.6574358974358958,2.8483516483516382,0.2853055619134821,0,0
0.7037946581840515,0.6743764281272888,9.020827831666598e-16,2.6476407051086426,0.7227054245822835,0.6950036630036607,2.567032967032958,0.2772945754177165,0,0
0.7116460204124451,0.6743764281272888,9.020827831666598e-16,3.3542633056640625,0.7303349355306317,0.6950036630036607,2.707692307692298,0.26966506446936833,0,0
0.7194640636444092,0.6743764281272888,9.020827831666598e-16,4.057887077331543,0.7383459220263973,0.6699584859584853,2.1450549450549374,0.26165407797360274,0,0
0.7272458672523499,0.6743764281272888,9.020827831666598e-16,4.758249282836914,0.7463569085221629,0.6449133089133099,2.778021978021968,0.25364309147783715,0,0
0.7349885702133179,0.6852268576622009,0.712315559387207,4.193627834320068,0.7539864194705128,0.6574358974358958,2.707692307692298,0.24601358052948719,0,0
0.7426891922950745,0.7110105156898499,1.1751495599746704,2.381021022796631,0.761615930418861,0.6950036630036607,2.778021978021968,0.238384069581139,0,0
0.7503447532653809,0.7420294284820557,1.1604312658309937,0.28420671820640564,0.7692454413672092,0.7450940170940186,3.1296703296703186,0.23075455863279082,0,0
0.7579522132873535,0.7658125162124634,0.6657277345657349,-0.9737183451652527,0.7768749523155574,0.6699584859584853,3.9736263736263595,0.22312504768444263,0,0
0.7655084729194641,0.7738485932350159,-1.6003207647941053e-09,-0.7506108283996582,0.7845044632639055,0.6323907203907204,3.0593406593406485,0.21549553673609445,0,0
0.7730104327201843,0.7738485932350159,-6.030663653394417e-22,-0.07543444633483887,0.7921339742122537,0.6950036630036607,2.567032967032958,0.20786602578774627,0,0
0.7804549336433411,0.7738485932350159,-6.030663653394417e-22,0.5945706367492676,0.7997634851606019,0.6574358974358958,2.778021978021968,0.20023651483939808,0,0
0.7878388166427612,0.7738485932350159,-6.030663653394417e-22,1.2591201066970825,0.8070115205615327,0.5322100122100117,2.496703296703288,0.1929884794384673,0,0
0.7951587438583374,0.7738485932350159,-6.030663653394417e-22,1.917913556098938,0.8138780804150461,0.5196874236874223,2.707692307692298,0.18612191958495394,0,0
0.8024114370346069,0.7738485932350159,-6.030663653394417e-22,2.5706558227539062,0.8211261158159768,0.5948229548229556,2.8483516483516382,0.17887388418402317,0,0
0.809593677520752,0.7738485932350159,-6.030663653394417e-22,3.217057704925537,0.8279926756694902,0.5823003663003661,2.9186813186813083,0.1720073243305098,0,0
0.8167020082473755,0.7738485932350159,-6.030663653394417e-22,3.856807231903076,0.835240711070421,0.5572551892551907,2.9186813186813083,0.16475928892957903,0,0
0.8237330317497253,0.7738485932350159,-6.030663653394417e-22,4.489599227905273,0.8424887464713517,0.607345543345545,2.8483516483516382,0.15751125352864825,0,0
0.8306833505630493,0.7738485932350159,-6.030663653394417e-22,5.115128040313721,0.8497367818722825,0.5823003663003661,3.340659340659329,0.15026321812771748,0,0
0.8375495076179504,0.7857153415679932,0.7817314267158508,4.352382183074951,0.8566033417257959,0.6699584859584853,3.2703296703296587,0.14339665827420411,0,0
0.8443279266357422,0.8135746121406555,1.2628493309020996,2.2626585960388184,0.8638513771267267,0.5697777777777802,3.2703296703296587,0.13614862287327334,0,0
0.8510150909423828,0.8462428450584412,1.2025634050369263,-0.05152323096990585,0.87071793698024,0.5572551892551907,3.340659340659329,0.12928206301975997,0,0
0.8576074242591858,0.8698210716247559,0.6159318685531616,-1.345600962638855,0.8775844968337534,0.5572551892551907,3.2703296703296587,0.12241550316624661,0,0
0.8641013503074646,0.8758200407028198,6.958581629666603e-18,-1.0546821355819702,0.8840695811398493,0.4946422466422469,3.1296703296703186,0.11593041886015065,0,0
0.8704931735992432,0.8758200407028198,6.951824391242657e-18,-0.4794180393218994,0.8905546654459453,0.5447326007325977,2.9890109890109784,0.1094453345540547,0,0
0.8767791986465454,0.8758200407028198,6.951824391242657e-18,0.08632421493530273,0.8966582742046239,0.4946422466422469,2.9186813186813083,0.10334172579537615,0,0
0.88295578956604,0.8758200407028198,6.951824391242657e-18,0.6422173976898193,0.9027618829633024,0.4946422466422469,3.0593406593406485,0.0972381170366976,0,0
0.8890191316604614,0.8758200407028198,6.951824391242657e-18,1.1879181861877441,0.908865491721981,0.5948229548229556,3.1999999999999886,0.09113450827801906,0,0
0.8949655294418335,0.8758200407028198,6.951824391242657e-18,1.7230939865112305,0.9149691004806595,0.5322100122100117,2.9890109890109784,0.08503089951934051,0,0
0.9007911086082458,0.8758200407028198,6.951824391242657e-18,2.2473959922790527,0.921072709239338,0.5322100122100117,3.1296703296703186,0.07892729076066196,0,0
0.9064921140670776,0.8758200407028198,6.951824391242657e-18,2.760486602783203,0.9264133669031818,0.4695970695970715,3.7626373626373493,0.07358663309681823,0,0
0.9120646715164185,0.8758200407028198,6.951824391242657e-18,3.262016773223877,0.9321355001144429,0.44455189255189254,3.1999999999999886,0.0678644998855571,0,0
0.9175049066543579,0.8758200407028198,6.951824391242657e-18,3.7516379356384277,0.937857633325704,0.5322100122100117,3.410989010988999,0.06214236667429596,0,0
0.9228089451789856,0.8758200407028198,6.951824391242657e-18,4.229001522064209,0.9431982909895478,0.44455189255189254,3.481318681318669,0.05680170901045223,0,0
0.9279729127883911,0.8758200407028198,6.951824391242657e-18,4.693758487701416,0.9485389486533915,0.4821196581196574,2.9890109890109784,0.0514610513466085,0,0
0.9329928159713745,0.8864859342575073,0.6997154355049133,3.905733108520508,0.9538796063172352,0.40698412698412767,3.692307692307679,0.04612039368276477,0,0
0.9378647208213806,0.9111318588256836,1.106666088104248,1.9632911682128906,0.9588387884336615,0.36941636141635925,3.1999999999999886,0.04116121156633845,0,0
0.9425846934318542,0.9392503499984741,1.0145561695098877,-0.10573156177997589,0.9641794460975053,0.457074481074482,3.2703296703296587,0.03582055390249472,0,0
0.9471486806869507,0.9583389163017273,0.4604770243167877,-1.1913120746612549,0.9691386282139316,0.41950671550671714,2.4263736263736178,0.030861371786068403,0,0
0.9515528082847595,0.9619172215461731,-7.064122431202856e-22,-0.9327971935272217,0.9740978103303579,0.3819389499389487,3.340659340659329,0.025902189669642084,0,0
0.955793023109436,0.9619172215461731,-7.064122431202856e-22,-0.5511778593063354,0.9782940413519494,0.44455189255189254,3.481318681318669,0.021705958648050583,0,0
0.9598652720451355,0.9619172215461731,-7.064122431202856e-22,-0.1846754550933838,0.9824902723735409,0.2817582417582436,3.481318681318669,0.017509727626459082,0,0
0.963765561580658,0.9619172215461731,-7.064122431202856e-22,0.1663506031036377,0.986305027847715,0.2817582417582436,3.7626373626373493,0.01369497215228499,0,0
0.9674899578094482,0.9619172215461731,-7.064122431202856e-22,0.5015462636947632,0.9901197833218891,0.35689377289377333,3.340659340659329,0.009880216678110898,0,0
0.9710342884063721,0.9619172215461731,-7.064122431202856e-22,0.8205360174179077,0.9935530632486458,0.31932600732600847,3.1999999999999886,0.006446936751354215,0,0
0.9743946194648743,0.9619172215461731,-7.064122431202856e-22,1.1229658126831055,0.9969863431754025,0.2942808302808295,3.2703296703296587,0.0030136568245975326,0,0
0.9775668382644653,0.9619172215461731,-7.064122431202856e-22,1.4084655046463013,1.0004196231021592,0.25671306471306465,3.340659340659329,0.0004196231021591501,1,0
0.9805470705032349,0.9619172215461731,-7.064122431202856e-22,1.676686406135559,1.0038529030289158,0.31932600732600847,3.9032967032966894,0.003852903028915833,1,1
0.9833311438560486,0.9619172215461731,-7.064122431202856e-22,1.927253007888794,1.006904707408255,0.25671306471306465,3.692307692307679,0.006904707408255106,1,0
0.9859151244163513,0.9619172215461731,-7.064122431202856e-22,2.15981125831604,1.009575036240177,0.14400976800977006,3.7626373626373493,0.00957503624017697,1,0
0.9882950186729431,0.9619172215461731,-7.064122431202856e-22,2.3740017414093018,1.0118638895246814,0.3318485958485944,3.551648351648339,0.011863889524681426,1,0
0.990466833114624,0.9619172215461731,-7.064122431202856e-22,2.569465160369873,1.0145342183566033,0.20662271062271031,3.9032967032966894,0.01453421835660329,1,0
0.9924265742301941,0.9619172215461731,-7.064122431202856e-22,2.7458417415618896,1.0164415960936903,0.21914529914529624,3.692307692307679,0.016441596093690336,1,0
0.9941702485084534,0.9619172215461731,-7.064122431202856e-22,2.9027724266052246,1.0187304493781948,0.21914529914529624,3.551648351648339,0.01873044937819479,1,0
0.9956940412521362,0.9619172215461731,-7.064122431202856e-22,3.0399136543273926,1.0202563515678644,0.15653235653235598,3.9032967032966894,0.020256351567864428,1,0
0.996993899345398,0.9619172215461731,-7.064122431202856e-22,3.1569008827209473,1.0225452048523689,0.15653235653235598,3.692307692307679,0.022545204852368883,1,0
0.9980660080909729,0.9619172215461731,-7.064122431202856e-22,3.2533907890319824,1.023689631494621,-0.06887423687423677,4.043956043956058,0.02368963149462111,1,0
0.9989064335823059,0.9619172215461731,-7.064122431202856e-22,3.329029083251953,1.023689631494621,0.00626129426129296,3.551648351648339,0.02368963149462111,1,0
0.9995114803314209,0.9619172215461731,-7.064122431202856e-22,3.383483409881592,1.023689631494621,-0.0563516483516473,4.043956043956058,0.02368963149462111,1,0
0.9998772740364075,0.9619172215461731,-7.064122431202856e-22,3.4164047241210938,1.023689631494621,-0.043829059829057826,3.9032967032966894,0.02368963149462111,1,0
1.0,0.9619172215461731,-7.064122431202856e-22,3.427450180053711,1.023689631494621,-0.043829059829057826,4.325274725274738,0.02368963149462111,1,0
0.9998760223388672,0.9619172215461731,-7.064122431202856e-22,3.416292190551758,1.023689631494621,-0.00626129426129296,4.395604395604408,0.02368963149462111,1,0
0.9995015859603882,0.9619172215461731,-7.064122431202856e-22,3.3825926780700684,1.023689631494621,-0.018783882783882433,4.395604395604408,0.02368963149462111,1,0
0.9988731741905212,0.9619172215461731,-7.064122431202856e-22,3.326035737991333,1.023689631494621,-0.00626129426129296,4.536263736263749,0.02368963149462111,1,0
0.9979870915412903,0.9619172215461731,-7.064122431202856e-22,3.246288299560547,1.023689631494621,0.018783882783882433,4.184615384615398,0.02368963149462111,1,0
0.9968398213386536,0.9619172215461731,-7.064122431202856e-22,3.143033981323242,1.023689631494621,0.00626129426129296,3.9736263736263595,0.02368963149462111,1,0
0.9954279065132141,0.9619172215461731,-7.064122431202856e-22,3.0159616470336914,1.023689631494621,0.00626129426129296,3.340659340659329,0.02368963149462111,1,0
0.9937479496002197,0.9619172215461731,-7.064122431202856e-22,2.8647656440734863,1.023689631494621,-0.031306471306471906,3.621978021978009,0.02368963149462111,1,0
0.9917965531349182,0.9619172215461731,-7.064122431202856e-22,2.6891398429870605,1.023689631494621,-0.00626129426129296,3.1999999999999886,0.02368963149462111,1,0
0.9895704388618469,0.9619172215461731,-7.064122431202856e-22,2.4887895584106445,1.023689631494621,0.018783882783882433,2.9186813186813083,0.02368963149462111,1,0
0.987066388130188,0.9619172215461731,-7.064122431202856e-22,2.263424873352051,1.023689631494621,-0.018783882783882433,2.496703296703288,0.02368963149462111,1,0
0.9842812418937683,0.9619172215461731,-7.064122431202856e-22,2.0127618312835693,1.023689631494621,0.018783882783882433,1.5824175824175768,0.02368963149462111,1,0
0.9812119603157043,0.9619172215461731,-7.064122431202856e-22,1.7365264892578125,1.023689631494621,0.031306471306471906,1.3714285714285666,0.02368963149462111,1,0
0.9778554439544678,0.9619172215461731,-7.064122431202856e-22,1.434440016746521,1.023689631494621,-0.00626129426129296,0.38681318681318544,0.02368963149462111,1,0
0.9742088317871094,0.9619172215461731,-7.064122431202856e-22,1.1062449216842651,1.023689631494621,0.00626129426129296,0.03516483516483504,0.02368963149462111,1,0
0.9702693223953247,0.9619172215461731,-7.064122431202856e-22,0.751689076423645,1.023689631494621,-0.018783882783882433,-0.5978021978021957,0.02368963149462111,1,0
0.9660341739654541,0.9619172215461731,-7.064122431202856e-22,0.3705257177352905,1.023689631494621,-0.00626129426129296,-1.3714285714285666,0.02368963149462111,1,0
0.9615006446838379,0.9619172215461731,-7.064122431202856e-22,-0.03749191761016846,1.023689631494621,-0.018783882783882433,-2.2153846153846075,0.02368963149462111,1,0
0.9566663503646851,0.9619172215461731,-7.064122431202856e-22,-0.47257840633392334,1.0206378271152818,-0.5447326007326012,-1.3010989010988965,0.020637827115281837,1,0
0.9515286684036255,0.9619172215461731,-7.064122431202856e-22,-0.9349697828292847,1.011482413977264,-0.9078876678876675,-0.38681318681318544,0.011482413977264017,1,0
0.9460853338241577,0.9619172215461731,-7.064122431202856e-22,-1.4248698949813843,1.0004196231021592,-0.9830231990231972,0.8087912087912059,0.0004196231021591501,1,0
0.940334141254425,0.9619172215461731,-7.064122431202856e-22,-1.9424772262573242,0.9901197833218891,-0.8452747252747237,1.1604395604395563,0.009880216678110898,0,1
0.9342729449272156,0.9619172215461731,-7.064122431202856e-22,-2.4879848957061768,0.9824902723735409,-0.5697777777777802,1.6527472527472469,0.017509727626459082,0,0
0.9278997182846069,0.9619172215461731,-7.064122431202856e-22,-3.061575412750244,0.9767681391622798,-0.40698412698412767,1.5824175824175768,0.02323186083772022,0,0
0.9212125539779663,0.9619172215461731,-7.064122431202856e-22,-3.6634202003479004,0.9725719081406883,-0.36941636141635925,0.8087912087912059,0.02742809185931172,0,0
0.91420978307724,0.9619172215461731,-7.064122431202856e-22,-4.293669700622559,0.9679942015716794,-0.40698412698412767,0.5978021978021957,0.03200579842832063,0,0
0.9068896174430847,0.9619172215461731,-7.064122431202856e-22,-4.952484130859375,0.963035019455253,-0.46959706959706793,0.1758241758241752,0.03696498054474695,0,0
0.8992506861686707,0.950512707233429,-0.7501587271690369,-4.313518524169922,0.9565499351491571,-0.5823003663003661,0.9494505494505461,0.04345006485084291,0,0
0.891291618347168,0.9235000610351562,-1.229689359664917,-2.40688419342041,0.9489204242008089,-0.7200488400488396,0.38681318681318544,0.05107957579919109,0,0
0.8830111026763916,0.8911418318748474,-1.208652377128601,-0.24830467998981476,0.9401464866102085,-0.8202295482295483,0.8087912087912059,0.0598535133897915,0,0
0.8744080662727356,0.8663793206214905,-0.6936081051826477,1.0000303983688354,0.9309910734721907,-0.7325714285714291,0.38681318681318544,0.06900892652780932,0,0
0.8654816746711731,0.8578103184700012,-8.305534720420837e-06,0.6904253959655762,0.9222171358815903,-0.7450940170940186,-0.03516483516483504,0.07778286411840973,0,0
0.8562310338020325,0.8578103184700012,3.475584632098758e-18,-0.1421356201171875,0.9134431982909899,-0.7576166056166045,0.5978021978021957,0.08655680170901014,0,0
0.846655547618866,0.8578103184700012,3.475584632098758e-18,-1.0039293766021729,0.9046692607003894,-0.770139194139194,0.1758241758241752,0.09533073929961056,0,0
0.8367547392845154,0.8578103184700012,3.475584632098758e-18,-1.8950021266937256,0.8955138475623716,-0.8953650793650816,1.2307692307692264,0.10448615243762838,0,0
0.8265283703804016,0.8578103184700012,3.475584632098758e-18,-2.815375328063965,0.885595483329519,-0.8202295482295483,0.10549450549450512,0.11440451667048102,0,0
0.8159762024879456,0.8578103184700012,3.475584632098758e-18,-3.7650704383850098,0.8756771190966663,-0.8077069597069588,1.5824175824175768,0.12432288090333365,0,0
0.805098295211792,0.8578103184700012,3.475584632098758e-18,-4.744081974029541,0.8653772793163963,-0.9078876678876675,0.5274725274725256,0.1346227206836037,0,0
0.79389488697052,0.8470003604888916,-0.7095488905906677,-4.495673179626465,0.8546959639887088,-0.9454554334554324,0.879120879120876,0.14530403601129116,0,0
0.7823663353919983,0.8204011917114258,-1.2336664199829102,-2.929670572280884,0.8440146486610214,-0.920410256410257,0.1758241758241752,0.15598535133897862,0,0
0.7705132365226746,0.7863262891769409,-1.3256113529205322,-0.8929302096366882,0.8325703822384991,-1.0205909645909657,0.5978021978021957,0.1674296177615009,0,0
0.7583363056182861,0.7566834688186646,-0.9368468523025513,0.5234940648078918,0.820363164721142,-1.0957264957264954,1.1604395604395563,0.179636835278858,0,0
0.7458364963531494,0.740848183631897,-0.29902490973472595,0.5685580968856812,0.8077744716563675,-1.07068131868132,1.5824175824175768,0.1922255283436325,0,0
0.7330150008201599,0.7386971116065979,8.916541135200648e-16,-0.511389970779419,0.795185778591593,-1.083203907203906,1.1604395604395563,0.204814221408407,0,0
0.7198730707168579,0.7386971116065979,8.916541135200648e-16,-1.6941636800765991,0.7825970855268185,-1.0331135531135551,0.9494505494505461,0.2174029144731815,0,0
0.7064122557640076,0.7386971116065979,8.916541135200648e-16,-2.90563702583313,0.770008392462044,-1.1332942612942603,-0.10549450549450512,0.229991607537956,0,0
0.6926342844963074,0.7386971116065979,8.916541135200648e-16,-4.145654678344727,0.7574196993972695,-1.1207716727716708,-0.10549450549450512,0.2425803006027305,0,0
0.6785411834716797,0.7386971116065979,8.916541135200648e-16,-5.41403341293335,0.7444495307850758,-1.1332942612942603,-0.31648351648351536,0.2555504692149242,0,0
0.6641350388526917,0.7259843349456787,-0.8394915461540222,-5.230639934539795,0.7303349355306317,-1.220952380952383,-0.03516483516483504,0.26966506446936833,0,0
0.6494181752204895,0.6942471861839294,-1.4843285083770752,-3.4408795833587646,-11.718738078889142,-25.64,-144.0,10.718738078889142,1,1
0.6343932747840881,0.6528174877166748,-1.6319466829299927,-1.005400538444519,0.7154573891813527,-1.2710427350427338,0.03516483516483504,0.2845426108186473,0,0
0.619063138961792,0.6157764792442322,-1.1964292526245117,0.7743710875511169,0.7005798428320738,-1.2835653235653233,0.879120879120876,0.29942015716792625,0,0
0.6034306883811951,0.5949156284332275,-0.43160390853881836,0.9389969706535339,0.6857022964827948,-1.346178266178267,0.7384615384615358,0.3142977035172052,0,0
0.5874992609024048,0.5913383960723877,-8.777501735700039e-16,-0.3455221652984619,0.6704432745860984,-1.3086105006104987,1.0197802197802162,0.3295567254139016,0,0
0.5712723731994629,0.5913383960723877,1.0428236203953968e-17,-1.8059420585632324,0.6551842526894021,-1.346178266178267,1.4417582417582366,0.34481574731059794,0,0
0.5547536611557007,0.5913383960723877,1.0428236203953968e-17,-3.292626142501831,0.6391622796978709,-1.383746031746032,1.1604395604395563,0.36083772030212913,0,0
0.5379471182823181,0.5913383960723877,1.0428236203953968e-17,-4.805214881896973,0.6231403067063397,-1.4338363858363863,1.3010989010988965,0.3768596932936603,0,0
0.5208569169044495,0.5803537368774414,-0.721480131149292,-5.066121578216553,0.6071183337148085,-1.4714041514041512,1.0901098901098862,0.3928816662851915,0,0
0.5034874677658081,0.5518324375152588,-1.3566534519195557,-3.8083858489990234,0.5903334096284425,-1.4588815628815617,1.0901098901098862,0.4096665903715575,0,0
0.4858434796333313,0.5122474431991577,-1.6090856790542603,-1.7327224016189575,0.5735484855420765,-1.49644932844933,0.6681318681318658,0.4264515144579235,0,0
0.46792981028556824,0.4733160436153412,-1.3496575355529785,0.05510201305150986,0.5563820859082931,-1.534017094017095,0.5978021978021957,0.4436179140917069,0,0
0.4497516453266144,0.4463888108730316,-0.7259796261787415,0.5930469632148743,0.5388342107270923,-1.5089719169719196,1.5120879120879067,0.46116578927290774,0,0
0.4313143193721771,0.4356210231781006,-0.12243743240833282,-0.3386283814907074,0.5212863355458914,-1.5465396825396844,0.5274725274725256,0.47871366445410857,0,0
0.4126235544681549,0.434808611869812,5.2139977471978575e-18,-1.9966552257537842,0.5033569848172732,-1.5590622710622704,0.5978021978021957,0.4966430151827268,0,0
0.3936852216720581,0.434808611869812,5.2139977471978575e-18,-3.7011051177978516,0.48542763408865497,-1.5841074481074493,1.0901098901098862,0.514572365911345,0,0
0.3745054602622986,0.434808611869812,5.2139977471978575e-18,-5.427283763885498,0.46711680781261933,-1.659242979242979,1.0197802197802162,0.5328831921873807,0,0
0.3550906479358673,0.4220586121082306,-0.8420451879501343,-5.690298557281494,0.4484245059891663,-1.6467203907203931,0.5274725274725256,0.5515754940108337,0,0
0.3354474604129791,0.38895323872566223,-1.5765633583068848,-4.184894561767578,0.4289692530708784,-1.6091526251526247,2.0043956043955973,0.5710307469291216,0,0
0.3155827820301056,0.3431544303894043,-1.8615318536758423,-1.7368355989456177,0.40951400015259054,-1.659242979242979,0.9494505494505461,0.5904859998474095,0,0
0.29550379514694214,0.2984161972999573,-1.5433827638626099,0.3552369177341461,0.3904402227817201,-1.696810744810744,0.4571428571428555,0.6095597772182799,0,0
0.2752178907394409,0.2681332528591156,-0.7967292666435242,0.9563091397285461,0.3706034943160148,-1.7218559218559228,2.2153846153846075,0.6293965056839852,0,0
0.25473275780677795,0.2570515275001526,-0.08568041026592255,-0.17441710829734802,0.3507667658503095,-1.7343785103785088,-0.10549450549450512,0.6492332341496905,0,0
0.2340562790632248,0.25671905279159546,8.68840116538189e-19,-2.039649724960327,0.33093003738460425,-1.7719462759462736,0.879120879120876,0.6690699626153958,0,0
0.21319665014743805,0.25671905279159546,8.68840116538189e-19,-3.9170162677764893,0.31033035782406415,-1.7594236874236877,0.38681318681318544,0.6896696421759358,0,0
0.19216229021549225,0.25671905279159546,8.68840116538189e-19,-5.810108661651611,0.29011215381094146,-1.7594236874236877,0.31648351648351536,0.7098878461890585,0,0
0.1709618866443634,0.24289190769195557,-0.9155475497245789,-6.10748291015625,0.26951247425040137,-1.7594236874236877,0.5274725274725256,0.7304875257495986,0,0
0.14960436522960663,0.20689629018306732,-1.7172186374664307,-4.469385623931885,0.2489127946898595,-1.834559218559221,0.03516483516483504,0.7510872053101405,0,0
0.12809891998767853,0.1569977104663849,-2.031855344772339,-1.7881489992141724,0.227931639581902,-1.8220366300366315,0.8087912087912059,0.772068360418098,0,0
0.10645496845245361,0.10818630456924438,-1.684863805770874,0.5181252956390381,0.20656900892652708,-1.834559218559221,0.38681318681318544,0.7934309910734729,0,0
0.08468219637870789,0.07526426017284393,-0.861318051815033,1.1921415328979492,0.18520637827115216,-1.8971721611721613,0.4571428571428555,0.8147936217288478,0,0
0.06279052048921585,0.06356534361839294,-0.07491713762283325,-0.039767228066921234,0.16384374761577725,-1.8596043956043964,0.6681318681318658,0.8361562523842228,0,0
0.04079011455178261,0.06334314495325089,1.1232625674525445e-16,-2.0297727584838867,0.14248111696040233,-1.8721269841269859,0.10549450549450512,0.8575188830395977,0,0
0.01869138702750206,0.06334314495325089,1.1232625674525445e-16,-4.01865816116333,0.12073701075761001,-1.8971721611721613,0.5274725274725256,0.87926298924239,0,0
-0.003495014738291502,0.06334314495325089,1.1232625674525445e-16,-6.015434265136719,0.09899290455481768,-1.834559218559221,-0.10549450549450512,0.9010070954451823,0,0
-0.025758210569620132,0.04894086718559265,-0.9547752737998962,-6.341006755828857,0.07724879835202536,-1.8721269841269859,-0.4571428571428555,0.9227512016479746,0,0
-0.04808708652853966,0.01137484423816204,-1.7942055463790894,-4.633891582489014,0.05512321660181563,-1.8846495726495718,0.5978021978021957,0.9448767833981844,0,0
-0.07047029584646225,-0.04079190641641617,-2.126804828643799,-1.8203331232070923,0.032997634851605895,-1.8721269841269859,0.03516483516483504,0.9670023651483941,0,0
-0.09289628267288208,-0.09188453108072281,-1.7644212245941162,0.6147108674049377,0.010872053101396162,-1.9347399267399261,0.1758241758241752,0.9891279468986038,0,0
-0.11535324156284332,-0.12626881897449493,-0.8960252404212952,1.340812087059021,-0.011253528648813571,-1.8971721611721613,-0.1758241758241752,0.9887464713511864,0,0
-0.13782918453216553,-0.13821479678153992,-0.0632377341389656,0.06000019609928131,-0.03376058594644071,-1.9347399267399261,0.879120879120876,0.9662394140535593,0,0
-0.16031189262866974,-0.13835546374320984,-2.6070600849642577e-18,-1.9760786294937134,-0.055886167696650446,-1.8721269841269859,-0.879120879120876,0.9441138323033496,0,0
-0.1827889382839203,-0.13835546374320984,-2.6070600849642577e-18,-3.9990127086639404,-0.07801174944686018,-1.8721269841269859,0.03516483516483504,0.9219882505531398,0,0
-0.205247700214386,-0.13835546374320984,-2.6070600849642577e-18,-6.020301342010498,-0.10013733119706991,-1.9096947496947472,-0.6681318681318658,0.8998626688029301,0,0
-0.22767537832260132,-0.15277139842510223,-0.9557037353515625,-6.359076499938965,-0.12188143739986224,-1.8596043956043964,0.38681318681318544,0.8781185626001378,0,0
-0.25005894899368286,-0.19040977954864502,-1.798447608947754,-4.649046421051025,-0.14400701915007197,-1.8596043956043964,-1.0901098901098862,0.855992980849928,0,0
-0.27238520979881287,-0.24271942675113678,-2.133296012878418,-1.816602110862732,-0.1665140764476991,-1.959785103785105,-0.7384615384615358,0.8334859235523009,0,0
-0.29464080929756165,-0.2939484715461731,-1.7684625387191772,0.6450746059417725,-0.18902113374532625,-1.9096947496947472,-0.8087912087912059,0.8109788662546737,0,0
-0.3168122172355652,-0.32831448316574097,-0.8912967443466187,1.3917226791381836,-0.2115281910429534,-1.9222173382173366,0.38681318681318544,0.7884718089570466,0,0
-0.33888569474220276,-0.3399655520915985,-0.04674316570162773,0.11588443070650101,-0.23327229724574572,-1.8596043956043964,0.31648351648351536,0.7667277027542543,0,0
-0.36084744334220886,-0.34004682302474976,-3.475948591568281e-18,-1.8720557689666748,-0.2546349279011224,-1.809514041514042,-0.5274725274725256,0.7453650720988776,0,0
-0.3826834261417389,-0.34004682302474976,-3.475948591568281e-18,-3.837294340133667,-0.27637903410391473,-1.8971721611721613,-1.1604395604395563,0.7236209658960853,0,0
-0.4043795168399811,-0.34004682302474976,-3.475948591568281e-18,-5.789942264556885,-0.29774166475928965,-1.7969914529914561,0.38681318681318544,0.7022583352407104,0,0
-0.42592141032218933,-0.353817343711853,-0.9116871356964111,-6.124691009521484,-0.31948577096208197,-1.8596043956043964,-1.0197802197802162,0.680514229037918,0,0
-0.4472947418689728,-0.38977158069610596,-1.717424750328064,-4.490114688873291,-0.3408484016174569,-1.8596043956043964,-0.10549450549450512,0.6591515983825431,0,0
-0.4684849977493286,-0.43973615765571594,-2.036322593688965,-1.7728666067123413,-0.3622110322728318,-1.9222173382173366,-1.0197802197802162,0.6377889677271682,0,0
-0.48947757482528687,-0.4885995090007782,-1.6846702098846436,0.5948421359062195,-0.3839551384756241,-1.8220366300366315,-1.3010989010988965,0.6160448615243759,0,0
-0.5102577805519104,-0.5212394595146179,-0.8417226076126099,1.3250401020050049,-0.40493629358358163,-1.8220366300366315,-1.3714285714285666,0.5950637064164184,0,0
-0.5308107733726501,-0.5320054888725281,-0.026562977582216263,0.11814958602190018,-0.42591744869153914,-1.7594236874236877,-0.38681318681318544,0.5740825513084609,0,0
-0.551121711730957,-0.5320309996604919,-8.6935482967435e-18,-1.718164086341858,-0.44651712825207923,-1.8220366300366315,-1.0901098901098862,0.5534828717479208,0,0
-0.5711756944656372,-0.5320309996604919,-8.6935482967435e-18,-3.5230226516723633,-0.4667353322652019,-1.809514041514042,-0.6681318681318658,0.5332646677347981,0,0
-0.5909577012062073,-0.5320309996604919,-8.6935482967435e-18,-5.303402900695801,-0.4869535362783246,-1.7218559218559228,-1.3714285714285666,0.5130464637216754,0,0
-0.6104527711868286,-0.5444310307502747,-0.8181509375572205,-5.614696502685547,-0.5067902647440299,-1.7093333333333334,-1.1604395604395563,0.4932097352559701,0,0
-0.6296458840370178,-0.576765775680542,-1.5424680709838867,-4.1422224044799805,-0.5262455176623178,-1.659242979242979,-1.2307692307692264,0.47375448233768225,0,0
-0.648521900177002,-0.6216481924057007,-1.8256970643997192,-1.6883548498153687,-0.5449378194857708,-1.6467203907203931,-2.3560439560439477,0.4550621805142292,0,0
-0.6670657396316528,-0.6654052734375,-1.5047847032546997,0.45247191190719604,-0.5643930724040587,-1.7218559218559228,-1.2307692307692264,0.43560692759594133,0,0
-0.6852624416351318,-0.694459080696106,-0.7434419989585876,1.1250742673873901,-0.5830853742275117,-1.6341978021978,-1.0197802197802162,0.4169146257724883,0,0
-0.7030969262123108,-0.7037126421928406,-0.0032531265169382095,0.05671568959951401,-0.6017776760509648,-1.6216752136752106,-1.2307692307692264,0.39822232394903523,0,0
-0.7205541133880615,-0.7037126421928406,-1.216966480597613e-17,-1.5157324075698853,-0.6200885023270004,-1.5590622710622704,-1.3714285714285666,0.3799114976729996,0,0
-0.737619161605835,-0.7037126421928406,-1.216966480597613e-17,-3.051586627960205,-0.6380178530556186,-1.5465396825396844,-1.5120879120879067,0.36198214694438136,0,0
-0.7542771697044373,-0.7037126421928406,-1.216966480597613e-17,-4.550807476043701,-0.6551842526894021,-1.5214945054945055,-1.8637362637362571,0.34481574731059794,0,0
-0.7705132365226746,-0.7037126421928406,-1.216966480597613e-17,-6.012053489685059,-0.6719691767757681,-1.4839267399267406,-2.1450549450549374,0.32803082322423194,0,0
-0.7863126993179321,-0.7181054353713989,-0.9541309475898743,-5.7570013999938965,-0.6883726253147167,-1.383746031746032,-2.496703296703288,0.31162737468528334,0,0
-0.8016608953475952,-0.7540085911750793,-1.680233359336853,-3.6166141033172607,-0.7043945983062478,-1.3712234432234425,-0.879120879120876,0.29560540169375216,0,0
-0.8165433406829834,-0.8004987835884094,-1.8231064081192017,-0.714767575263977,-0.720416571297779,-1.3336556776556776,-2.567032967032958,0.27958342870222097,0,0
-0.830945611000061,-0.8409230709075928,-1.2709038257598877,1.4063329696655273,-0.7360570687418928,-1.346178266178267,-2.496703296703288,0.2639429312581072,0,0
-0.8448535799980164,-0.861167311668396,-0.32624563574790955,1.5987341403961182,-0.7509346150911735,-1.3086105006104987,-2.0747252747252674,0.24906538490882646,0,0
-0.8582530617713928,-0.8626667261123657,-6.951831008687558e-18,0.39722979068756104,-0.7658121614404525,-1.220952380952383,-2.9890109890109784,0.2341878385595475,0,0
-0.8711302876472473,-0.8626667261123657,-6.951831008687558e-18,-0.7617205381393433,-0.7795452811474792,-1.1583394383394356,-1.4417582417582366,0.22045471885252077,0,0
-0.8834714293479919,-0.8626667261123657,-6.951831008687558e-18,-1.8724232912063599,-0.7925154497596711,-1.1583394383394356,-2.0043956043955973,0.20748455024032886,0,0
-0.895263135433197,-0.8626667261123657,-6.951831008687558e-18,-2.9336767196655273,-0.805485618371863,-1.1082490842490849,-2.3560439560439477,0.19451438162813695,0,0
-0.9064921140670776,-0.8626667261123657,-6.951831008687558e-18,-3.9442849159240723,-0.8176928358892201,-0.9955457875457867,-3.0593406593406485,0.18230716411077985,0,0
-0.917145311832428,-0.8626667261123657,-6.951831008687558e-18,-4.903072834014893,-0.8295185778591598,-1.0957264957264954,-2.2153846153846075,0.17048142214084017,0,0
-0.9272100329399109,-0.8739303946495056,-0.7405465245246887,-4.49894905090332,-0.8409628442816821,-0.9579780219780218,-2.0747252747252674,0.1590371557183179,0,0
-0.9366737008094788,-0.9012594223022461,-1.2592346668243408,-2.68359112739563,-0.8516441596093696,-0.920410256410257,-2.8483516483516382,0.14835584039063043,0,0
-0.945524275302887,-0.9351637363433838,-1.2923150062561035,-0.4155225157737732,-0.8619439993896396,-0.8953650793650816,-2.0043956043955973,0.13805600061036039,0,0
-0.9537497758865356,-0.9624184370040894,-0.7974467873573303,1.0991581678390503,-0.8714808880750748,-0.8577973137973167,-2.8483516483516382,0.12851911192492516,0,0
-0.9613386392593384,-0.9729986786842346,-0.0503876730799675,1.0695586204528809,-0.8806363012130927,-0.7826617826617834,-2.0043956043955973,0.11936369878690734,0,0
-0.9682797193527222,-0.9729852080345154,-1.3904232771997777e-17,0.42349398136138916,-0.8890287632562757,-0.6950036630036607,-2.778021978021968,0.11097123674372433,0,0
-0.9745621085166931,-0.9729852080345154,-1.3904232771997777e-17,-0.1419210433959961,-0.8966582742046239,-0.5948229548229556,-2.778021978021968,0.10334172579537615,0,0
-0.9801753163337708,-0.9729852080345154,-1.3904232771997777e-17,-0.6471097469329834,-0.9031433585107198,-0.5071648351648328,-3.1296703296703186,0.09685664148928019,0,0
-0.9851093292236328,-0.9729852080345154,-1.3904232771997777e-17,-1.0911709070205688,-0.9096284428168158,-0.4946422466422469,-2.9890109890109784,0.09037155718318424,0,0
-0.9893543720245361,-0.9729852080345154,-1.3904232771997777e-17,-1.4732247591018677,-0.9153505760280769,-0.44455189255189254,-2.8483516483516382,0.0846494239719231,0,0
-0.9929013252258301,-0.9729852080345154,-1.3904232771997777e-17,-1.7924505472183228,-0.9206912336919206,-0.40698412698412767,-3.2703296703296587,0.07930876630807937,0,0
-0.9957411885261536,-0.9729852080345154,-1.3904232771997777e-17,-2.0480382442474365,-0.9252689402609295,-0.3318485958485944,-3.340659340659329,0.07473105973907046,0,0
-0.9978657960891724,-0.9729852080345154,-1.3904232771997777e-17,-2.239253044128418,-0.929465171282521,-0.3318485958485944,-3.1296703296703186,0.07053482871747896,0,0
-0.9992671012878418,-0.9729852080345154,-1.3904232771997777e-17,-2.365370273590088,-0.9325169756618603,-0.23166788766788926,-3.340659340659329,0.06748302433813969,0,0
-0.9999378323554993,-0.9729852080345154,-1.3904232771997777e-17,-2.42573618888855,-11.718738078889142,-25.64,-144.0,10.718738078889142,1,1
-0.999871015548706,-0.9729852080345154,-1.3904232771997777e-17,-2.419722557067871,-0.9348058289463648,-0.13148717948718058,-3.551648351648339,0.06519417105363523,0,0
-0.9990603923797607,-0.9729852080345154,-1.3904232771997777e-17,-2.346766471862793,-0.9363317311360344,-0.1440097680097665,-3.551648351648339,0.0636682688639656,0,0
-0.9975000023841858,-0.9729852080345154,-1.3904232771997777e-17,-2.206331491470337,-0.9370946822308692,0.00626129426129296,-3.340659340659329,0.06290531776913078,0,0
-0.9951847195625305,-0.9729852080345154,-1.3904232771997777e-17,-1.9979560375213623,-0.9370946822308692,-0.018783882783882433,-3.340659340659329,0.06290531776913078,0,0
-0.9921097755432129,-0.9729852080345154,-1.3904232771997777e-17,-1.7212110757827759,-0.9370946822308692,0.00626129426129296,-3.0593406593406485,0.06290531776913078,0,0
-0.9882710576057434,-0.9729852080345154,-1.3904232771997777e-17,-1.3757264614105225,-0.9370946822308692,-0.00626129426129296,-2.9890109890109784,0.06290531776913078,0,0
-0.9836650490760803,-0.9729852080345154,-1.3904232771997777e-17,-0.9611856937408447,-0.9370946822308692,0.018783882783882433,-2.0747252747252674,0.06290531776913078,0,0
-0.9782888889312744,-0.9729852080345154,-1.3904232771997777e-17,-0.477331280708313,-0.9370946822308692,0.018783882783882433,-2.0043956043955973,0.06290531776913078,0,0
-0.9721402525901794,-0.9729852080345154,-1.3904232771997777e-17,0.07604598999023438,-0.9370946822308692,-0.018783882783882433,-1.2307692307692264,0.06290531776913078,0,0
-0.9652175307273865,-0.9729852080345154,-1.3904232771997777e-17,0.6990909576416016,-0.9370946822308692,0.00626129426129296,-0.1758241758241752,0.06290531776913078,0,0
-0.9575197696685791,-0.9729852080345154,-1.3904232771997777e-17,1.3918894529342651,-0.9370946822308692,-0.00626129426129296,0.879120879120876,0.06290531776913078,0,0
-0.9490466713905334,-0.9729852080345154,-1.3904232771997777e-17,2.154468297958374,-0.9370946822308692,-0.043829059829057826,2.0043956043955973,0.06290531776913078,0,0
-0.9397985339164734,-0.9729852080345154,-1.3904232771997777e-17,2.9868006706237793,-0.93404287785153,0.5322100122100117,1.6527472527472469,0.06595712214847005,0,0
-0.9297764897346497,-0.9729852080345154,-1.3904232771997777e-17,3.888784646987915,-0.9241245136186773,1.083203907203906,0.38681318681318544,0.07587548638132269,0,0
-0.9189822673797607,-0.9729852080345154,-1.3904232771997777e-17,4.860264778137207,-0.910772869459068,1.2585201465201479,0.5274725274725256,0.08922713054093201,0,0
-0.907418429851532,-0.9618434906005859,0.7322106957435608,4.605370998382568,-0.8962767986572064,1.220952380952383,-1.5824175824175768,0.10372320134279356,0,0
-0.8950881361961365,-0.9343997240066528,1.2738267183303833,3.0285122394561768,-0.8833066300450145,1.0581587301587305,-1.723076923076917,0.11669336995498547,0,0
-0.8819953203201294,-0.8990933299064636,1.3783947229385376,0.9874629974365234,-0.8722438391699097,0.9454554334554324,-1.1604395604395563,0.12775616083009034,0,0
-0.868144690990448,-0.8679225444793701,0.9994260668754578,-0.41976362466812134,-0.862325474937057,0.7951843711843694,-0.31648351648351536,0.13767452506294298,0,0
-0.8535417318344116,-0.8502880930900574,0.3719100058078766,-0.4415915012359619,-0.8527885862516218,0.8577973137973132,-0.31648351648351536,0.1472114137483782,0,0
-0.8381925821304321,-0.8467419147491455,-1.786784873772135e-15,0.7694399356842041,-0.8417257953765169,0.9955457875457867,-0.24615384615384528,0.15827420462348307,0,0
-0.822104275226593,-0.8467419147491455,-1.786784873772135e-15,2.2173876762390137,-0.8295185778591598,1.1458168498168497,-0.5978021978021957,0.17048142214084017,0,0
-0.8052846193313599,-0.8467419147491455,-1.786784873772135e-15,3.731156587600708,-0.8150225070572983,1.3211330891330881,-0.8087912087912059,0.18497749294270172,0,0
-0.787742018699646,-0.8467419147491455,-1.786784873772135e-15,5.309990882873535,-0.7990005340657671,1.4714041514041512,-0.8087912087912059,0.2009994659342329,0,0
-0.7694859504699707,-0.8343231678009033,0.8194227814674377,5.507580280303955,-0.7818341344319837,1.5214945054945055,-0.8087912087912059,0.21816586556801632,0,0
-0.7505264282226562,-0.8022630214691162,1.5225443840026855,4.047275543212891,-0.7642862592507829,1.49644932844933,-2.1450549450549374,0.23571374074921714,0,0
-0.7308744192123413,-0.7581244707107544,1.790130376815796,1.7364524602890015,-0.7467383840695803,1.483926739926737,-0.7384615384615358,0.25326161593041974,0,0
-0.7105416059494019,-0.7150252461433411,1.4888750314712524,-0.1920223981142044,-0.7295719844357968,1.49644932844933,-1.8637362637362571,0.27042801556420315,0,0
-0.6895405650138855,-0.68540358543396,0.7966852188110352,-0.6910022497177124,-0.7295719844357968,1.49644932844933,-1.8637362637362571,0.27042801556420315,0,0
-0.6678845286369324,-0.6733689904212952,0.15171167254447937,0.43291687965393066,-0.7112611581597612,1.5590622710622704,-0.5274725274725256,0.2887388418402388,0,0
-0.645587682723999,-0.6719900369644165,-1.2169686312672056e-17,2.3762118816375732,-0.6925688563363082,1.6091526251526247,-0.8087912087912059,0.30743114366369184,0,0
-0.6226648688316345,-0.6719900369644165,-1.2169686312672056e-17,4.439265251159668,-0.6731136034180203,1.7218559218559228,-0.9494505494505461,0.3268863965819797,0,0
-0.5991318821907043,-0.6719900369644165,-1.2169686312672056e-17,6.557233810424805,-0.6525139238574802,1.809514041514042,-0.24615384615384528,0.3474860761425198,0,0
-0.5750052332878113,-0.6560781002044678,1.0577056407928467,6.873475551605225,-0.6315327687495227,1.8721269841269859,-0.31648351648351536,0.3684672312504773,0,0
-0.5503022074699402,-0.6146239042282104,1.9802178144454956,4.996865749359131,-0.6090257114518955,1.9347399267399261,-0.8087912087912059,0.39097428854810445,0,0
-0.5250409245491028,-0.5570834279060364,2.3487918376922607,1.9443085193634033,-0.586137178606851,2.05996581196581,-1.5824175824175768,0.413862821393149,0,0
-0.49924027919769287,-0.5004999041557312,1.9615260362625122,-0.6712441444396973,-0.5624856946669716,2.034920634920635,-1.2307692307692264,0.4375143053330284,0,0
-0.47291988134384155,-0.46183526515960693,1.0279220342636108,-1.40878427028656,-0.5380712596322574,2.1726691086691083,-0.8087912087912059,0.46192874036774256,0,0
-0.4461001753807068,-0.4471336305141449,0.14452162384986877,0.03520231321454048,-0.5140383001449607,2.097533577533575,-0.7384615384615358,0.48596169985503934,0,0
-0.4188023805618286,-0.44631627202033997,-3.4758642191458006e-18,2.476250171661377,-0.48924238956282906,2.1601465201465224,-1.793406593406587,0.5107576104371709,0,0
-0.391048401594162,-0.44631627202033997,-3.4758642191458006e-18,4.9741082191467285,-0.46406500343328005,2.185191697191698,-0.6681318681318658,0.53593499656672,0,0
-0.36286091804504395,-0.43485039472579956,0.7543641328811646,6.17730712890625,-0.43850614175631364,2.185191697191698,-1.0197802197802162,0.5614938582436864,0,0
-0.3342633545398712,-0.4024123549461365,1.5999782085418701,5.4934186935424805,-0.4121843289845124,2.2853724053724065,-0.9494505494505461,0.5878156710154876,0,0
-0.30527982115745544,-0.35224783420562744,2.1474597454071045,3.3681373596191406,-0.38509956511787635,2.360507936507936,-1.0901098901098862,0.6149004348821236,0,0
-0.2759351432323456,-0.2957421541213989,2.132467746734619,0.9296438694000244,-11.718738078889142,-25.64,-144.0,10.718738078889142,1,1
-0.2462547868490219,-0.24751277267932892,1.5556702613830566,-0.5090493559837341,-0.3572518501564055,2.3855531135531116,-1.0197802197802162,0.6427481498435945,0,0
-0.21626494824886322,-0.21750225126743317,0.7672252655029297,-0.19553282856941223,-0.3294041351949346,2.4105982905982906,-1.0197802197802162,0.6705958648050654,0,0
-0.18599244952201843,-0.20438793301582336,0.25093352794647217,1.555220127105713,-0.3007934691386289,2.448166056166059,-1.9340659340659272,0.6992065308613711,0,0
-0.15546472370624542,-0.19730901718139648,0.25515368580818176,3.6639249324798584,-0.27218280308232323,2.5358241758241746,-0.8087912087912059,0.7278171969176768,0,0
-0.1247098445892334,-0.1836966872215271,0.7011450529098511,5.028357982635498,-0.24280918593118095,2.4982564102564098,-0.879120879120876,0.757190814068819,0,0
-0.09375644475221634,-0.15575656294822693,1.3327889442443848,5.0468950271606445,-0.21381704432745785,2.5733919413919395,-0.6681318681318658,0.7861829556725421,0,0
-0.06263374537229538,-0.1130836009979248,1.8441252708435059,3.8028368949890137,-0.18444342717631734,2.5358241758241746,-0.4571428571428555,0.8155565728236827,0,0
-0.03137150779366493,-0.06224328279495239,1.9912045001983643,1.981977939605713,-0.15430685893034202,2.56086935286935,-1.723076923076917,0.845693141069658,0,0
0.0,-0.013728938065469265,1.6991453170776367,0.5559462904930115,-0.12417029068436669,2.6360048840048833,-0.4571428571428555,0.8758297093156333,0,0
0.15691819787025452,0.02331485226750374,1.1389117240905762,11.568737030029297,-0.09365224689097396,2.648527472527473,-0.7384615384615358,0.906347753109026,0,0
0.3128689229488373,0.07948608696460724,2.9228360652923584,19.8353214263916,-0.06275272755016381,2.5984371184371184,-0.6681318681318658,0.9372472724498362,0,0
0.46689072251319885,0.19936367869377136,5.884115695953369,21.723787307739258,-0.032234683756771076,2.6610500610500623,-1.1604395604395563,0.9677653162432289,0,0
0.6180340051651001,0.39302894473075867,8.608213424682617,16.807170867919922,-0.000953688868543523,2.6360048840048833,-0.4571428571428555,0.9990463111314565,0,0
0.7653668522834778,0.6353932619094849,9.737882614135742,7.8024702072143555,0.03032730601968403,2.698617826617827,-0.24615384615384528,0.969672693980316,0,0
0.9079809784889221,0.8760901689529419,8.602485656738281,-0.5708214044570923,0.08754863813229541,6.806026862026862,12.413186813186826,0.9124513618677046,0,0
1.0,1.0634974241256714,5.774255752563477,-8.024470329284668,-11.718738078889142,-25.64,-144.0,10.718738078889142,1,1
1.0,1.159040093421936,1.755552053451538,-15.015829086303711,0.20122835126268335,12.203262515262516,12.764835164835176,0.7987716487373167,0,0
1.0,1.14815354347229,-1.7091262340545654,-12.650168418884277,0.36793316548409294,15.985084249084245,3.9032967032966894,0.6320668345159071,0,1
1.0,1.0757534503936768,-3.589189291000366,-5.382134914398193,0.5598153658350498,17.36256898656898,-2.3560439560439477,0.44018463416495024,0,1
1.0,0.9799692034721375,-3.67923903465271,3.2744672298431396,0.753223468375678,16.52355555555556,-13.538461538461547,0.246776531624322,0,1
1.0,0.9123636484146118,-1.5850282907485962,8.521283149719238,0.9317540245670255,14.244444444444447,-19.024175824175828,0.0682459754329745,0,1
1.0,0.9089005589485168,0.7197562456130981,7.911046981811523,1.0759517814908062,10.537758241758247,-20.29010989010989,0.07595178149080617,1,1
1.0,0.9453468322753906,1.9015451669692993,4.158166885375977,1.1575875486381317,4.000967032967036,-27.393406593406596,0.15758754863813174,1,1
1.0,0.9985832571983337,2.1117401123046875,-0.7171891927719116,1.1648355840390625,-2.0474432234432243,-20.14945054945055,0.1648355840390625,1,0
1.0,1.0404958724975586,1.1273164749145508,-4.095555305480957,1.1217288471808953,-5.102954822954825,-7.279120879120882,0.12172884718089527,1,1
1.0,1.0482178926467896,-0.21816003322601318,-4.252346515655518,1.0603112840466924,-5.340884004884003,4.747252747252759,0.06031128404669239,1,1
1.0,1.0337470769882202,-0.7892829775810242,-2.7215237617492676,1.0111009384298466,-3.312224664224665,11.076923076923066,0.011100938429846607,1,1
1.0,1.0105841159820557,-0.9312765598297119,-0.580059826374054,0.9901197833218891,-0.607345543345545,11.639560439560427,0.009880216678110898,0,0
1.0,0.9910407066345215,-0.5617595911026001,1.0310401916503906,0.9950789654383154,1.0456361416361446,8.474725274725273,0.0049210345616845785,0,0
1.0,0.9852716326713562,6.230889132966986e-15,1.325553059577942,-11.718738078889142,-25.64,-144.0,10.718738078889142,1,1
1.0,0.9852716326713562,1.7380477494225352e-17,1.325553059577942,1.0111009384298466,1.5590622710622704,4.676923076923089,0.011100938429846607,1,0
1.0,0.9852716326713562,1.7380477494225352e-17,1.325553059577942,1.0275043869687952,1.3086105006104987,2.3560439560439477,0.027504386968795203,1,1
1.0,0.9852716326713562,1.7380477494225352e-17,1.325553059577942,1.0385671778439,0.5823003663003661,0.31648351648351536,0.03856717784390007,1,0
1.0,0.9852716326713562,1.7380477494225352e-17,1.325553059577942,1.0416189822232393,0.0563516483516473,0.31648351648351536,0.04161898222323934,1,0
1.0,0.9852716326713562,1.7380477494225352e-17,1.325553059577942,1.0416189822232393,-0.00626129426129296,1.5824175824175768,0.04161898222323934,1,0
1.0,0.9852716326713562,1.7380477494225352e-17,1.325553059577942,1.0416189822232393,0.031306471306471906,1.0901098901098862,0.04161898222323934,1,0
1.0,0.9852716326713562,1.7380477494225352e-17,1.325553059577942,1.0416189822232393,-0.031306471306471906,1.6527472527472469,0.04161898222323934,1,0
1.0,0.9852716326713562,1.7380477494225352e-17,1.325553059577942,1.0416189822232393,-0.00626129426129296,0.9494505494505461,0.04161898222323934,1,0
1.0,0.9852716326713562,1.7380477494225352e-17,1.325553059577942,1.0416189822232393,0.00626129426129296,0.9494505494505461,0.04161898222323934,1,0
1.0,0.9852716326713562,1.7380477494225352e-17,1.325553059577942,1.0416189822232393,0.00626129426129296,0.9494505494505461,0.04161898222323934,1,0
1.0,0.9852716326713562,1.7380477494225352e-17,1.325553059577942,1.0416189822232393,-0.018783882783882433,0.8087912087912059,0.04161898222323934,1,0
1.0,0.9852716326713562,1.7380477494225352e-17,1.325553059577942,1.0416189822232393,0.018783882783882433,0.6681318681318658,0.04161898222323934,1,0
0.9079809784889221,0.9852716326713562,1.7380477494225352e-17,-6.956158638000488,1.0416189822232393,-0.00626129426129296,0.4571428571428555,0.04161898222323934,1,0
0.7653668522834778,0.968254566192627,-1.1330034732818604,-17.806692123413086,1.0416189822232393,-0.00626129426129296,1.1604395604395563,0.04161898222323934,1,0
0.6180340051651001,0.8955817222595215,-4.046928882598877,-23.360523223876953,1.0416189822232393,-0.018783882783882433,0.879120879120876,0.04161898222323934,1,0
0.46689072251319885,0.7401769757270813,-7.431934833526611,-21.622989654541016,1.0416189822232393,-0.031306471306471906,0.6681318681318658,0.04161898222323934,1,0
0.3128689229488373,0.5112665891647339,-9.78525161743164,-13.941689491271973,1.0416189822232393,0.031306471306471906,1.0901098901098862,0.04161898222323934,1,0
0.15691819787025452,0.2509317994117737,-9.980095863342285,-4.469185829162598,1.0416189822232393,-0.031306471306471906,0.9494505494505461,0.04161898222323934,1,0
2.4492937051703357e-16,0.015863997861742973,-7.9747209548950195,1.7621285915374756,1.0416189822232393,-0.031306471306471906,1.3010989010988965,0.04161898222323934,1,0
-0.15691819787025452,-0.15333648025989532,-5.028561592102051,1.6890701055526733,1.0229266803997863,-3.0492503052503075,-8.826373626373623,0.022926680399786292,1,1
-0.3128689229488373,-0.25743699073791504,-2.984429359436035,-3.795102119445801,0.9523537041275656,-8.596757020757021,-14.382417582417588,0.04764629587243441,0,1
-0.46689072251319885,-0.3345026969909668,-2.8687260150909424,-10.76743221282959,0.8165484092469679,-14.169308913308914,-8.263736263736263,0.18345159075303208,0,1
-0.6180340051651001,-0.42885926365852356,-4.186866760253906,-15.350979804992676,0.6334401464866097,-16.698871794871796,-5.3098901098901194,0.36655985351339027,0,1
-0.7653668522834778,-0.5662320852279663,-6.098527908325195,-15.482717514038086,0.43812466620889623,-17.112117216117216,8.545054945054943,0.5618753337911038,0,1
-0.9079809784889221,-0.7480716705322266,-7.623777389526367,-11.342327117919922,0.2454795147631028,-15.947516483516484,8.404395604395603,0.7545204852368972,0,1
-1.0,-0.9528878927230835,-7.927280902862549,-1.069177269935608,0.06847486076142495,-14.582554334554336,16.98461538461538,0.931525139238575,0,1
-1.0,-1.131489872932434,-5.740053176879883,14.130109786987305,-0.09212634470130432,-13.029753357753359,15.156043956043959,0.9078736552986957,0,1
-1.0,-1.2011686563491821,-5.186162889003754e-05,18.105199813842773,-0.2405203326466765,-12.25335286935287,13.397802197802207,0.7594796673533235,0,1
-1.0,-1.1542178392410278,3.1632606983184814,12.614301681518555,-0.3831921873807893,-12.015423687423688,11.147252747252736,0.6168078126192107,0,1
-1.0,-1.0480000972747803,4.769195079803467,2.4123306274414062,-0.5243381399252307,-12.165694749694751,8.896703296703294,0.4756618600747693,0,1
-1.0,-0.9348613023757935,3.8623263835906982,-7.407413482666016,-0.6673914702067592,-12.428669108669109,8.193406593406593,0.33260852979324085,0,1
-1.0,-0.8797525763511658,0.5640803575515747,-11.047900199890137,-0.8115892271305416,-12.441191697191696,6.857142857142861,0.1884107728694584,0,1
-1.0,-0.8984059691429138,-1.557708501815796,-8.520379066467285,-0.9451056687266348,-10.650461538461538,13.397802197802207,0.05489433127336518,0,1
-1.0,-0.956073522567749,-2.700122356414795,-2.8733339309692383,-1.0351338979171434,-5.265748473748474,24.158241758241758,0.035133897917143386,1,1
-1.0,-1.0237160921096802,-2.4435367584228516,3.111862897872925,-1.0595483329518576,0.607345543345545,19.938461538461524,0.059548332951857574,1,0
-1.0,-1.0640532970428467,-0.7348215579986572,6.058725357055664,-1.0313191424429693,3.938354090354089,8.756043956043953,0.031319142442969294,1,1
-1.0,-1.0602962970733643,0.6271691918373108,5.1757988929748535,-0.9805828946364539,4.63961904761905,-2.1450549450549374,0.019417105363546128,0,1
-1.0,-1.0336554050445557,1.3020669221878052,2.508159637451172,-0.93404287785153,3.34979242979243,-8.756043956043953,0.06595712214847005,0,1
-1.0,-0.999310314655304,1.2873426675796509,-0.5770087242126465,-0.908865491721981,1.0581587301587305,-9.810989010989005,0.09113450827801906,0,0
-1.0,-0.9756636619567871,0.5493451952934265,-2.410008430480957,-0.9092469672693984,-0.7075262515262537,-7.630769230769232,0.09075303273060165,0,0
-1.0,-0.9724514484405518,-6.95176069833549e-18,-2.479369640350342,-0.9203097581445032,-1.2459975579975584,-4.184615384615398,0.07969024185549678,0,0
-1.0,-0.9724514484405518,-6.95176069833549e-18,-2.479369640350342,-0.93404287785153,-1.1332942612942603,-3.1296703296703186,0.06595712214847005,0,0
-1.0,-0.9724514484405518,-6.95176069833549e-18,-2.479369640350342,-0.9439612420843826,-0.6574358974358958,-1.0197802197802162,0.05603875791561741,0,0
-1.0,-0.9724514484405518,-6.95176069833549e-18,-2.479369640350342,-0.9473945220111393,-0.08139682539682624,-1.2307692307692264,0.05260547798886073,0,0
-1.0,-0.9724514484405518,-6.95176069833549e-18,-2.479369640350342,-0.9473945220111393,-0.018783882783882433,-0.9494505494505461,0.05260547798886073,0,0
-1.0,-0.9724514484405518,-6.95176069833549e-18,-2.479369640350342,-0.9473945220111393,-0.00626129426129296,-1.0901098901098862,0.05260547798886073,0,0
-1.0,-0.9724514484405518,-6.95176069833549e-18,-2.479369640350342,-0.9473945220111393,-0.0563516483516473,-0.879120879120876,0.05260547798886073,0,0
-1.0,-0.9724514484405518,-6.95176069833549e-18,-2.479369640350342,-0.9473945220111393,-0.031306471306471906,-1.4417582417582366,0.05260547798886073,0,0
-1.0,-0.9724514484405518,-6.95176069833549e-18,-2.479369640350342,-0.9473945220111393,-0.043829059829057826,-1.0197802197802162,0.05260547798886073,0,0
-1.0,-0.9724514484405518,-6.95176069833549e-18,-2.479369640350342,-0.9473945220111393,0.018783882783882433,-0.9494505494505461,0.05260547798886073,0,0
-1.0,-0.9724514484405518,-6.95176069833549e-18,-2.479369640350342,-0.9473945220111393,-0.00626129426129296,-1.5120879120879067,0.05260547798886073,0,0
-1.0,-0.9724514484405518,-6.95176069833549e-18,-2.479369640350342,-0.9473945220111393,-0.0563516483516473,-1.6527472527472469,0.05260547798886073,0,0
-0.9079809784889221,-0.9724514484405518,-6.95176069833549e-18,5.802342414855957,-0.9473945220111393,-0.00626129426129296,-1.8637362637362571,0.05260547798886073,0,0
-0.7653668522834778,-0.9586462378501892,0.9140623211860657,17.02952003479004,-0.9473945220111393,-0.018783882783882433,-0.7384615384615358,0.05260547798886073,0,0
-0.6180340051651001,-0.8931567072868347,3.7264373302459717,23.27046775817871,-0.9473945220111393,-0.06887423687423677,-0.7384615384615358,0.05260547798886073,0,0
-0.46689072251319885,-0.7454542517662048,7.155336380004883,22.20858383178711,-0.9473945220111393,-0.018783882783882433,-1.2307692307692264,0.05260547798886073,0,0
-0.3128689229488373,-0.5212905406951904,9.682456970214844,14.884963035583496,-0.9473945220111393,-0.018783882783882433,-1.2307692307692264,0.05260547798886073,0,0
-0.15691819787025452,-0.2604873478412628,10.105180740356445,5.27915096282959,-0.9473945220111393,-0.031306471306471906,-1.3714285714285666,0.05260547798886073,0,0
-4.898587410340671e-16,-0.02001168020069599,8.253410339355469,-1.5003129243850708,-0.9473945220111393,0.0563516483516473,-1.1604395604395563,0.05260547798886073,0,0
0.15691819787025452,0.15629224479198456,5.289841651916504,-2.059600830078125,-0.929465171282521,2.8113211233211253,8.193406593406593,0.07053482871747896,0,1
0.3128689229488373,0.26481735706329346,3.0700652599334717,3.0966148376464844,-0.86041809719997,8.509098901098902,14.874725274725279,0.13958190280003002,0,1
0.46689072251319885,0.3416418433189392,2.77437162399292,10.162650108337402,-0.7261387045090402,14.006515262515265,8.474725274725273,0.27386129549095983,0,1
0.6180340051651001,0.4321523606777191,3.9968347549438477,15.130614280700684,-0.5437933928435186,16.698871794871792,-0.38681318681318544,0.4562066071564814,0,1
0.7653668522834778,0.5645217299461365,5.905481338500977,15.713868141174316,-0.34809643701838766,17.587975579975577,-14.452747252747258,0.6519035629816123,0,1
0.9079809784889221,0.742561936378479,7.519097328186035,11.880074501037598,-0.15239948119325497,16.511032967032968,-13.538461538461547,0.847600518806745,0,1
1.0,0.9465839266777039,7.964475631713867,1.6216562986373901,0.027275501640344757,14.657689865689868,-20.99340659340659,0.9727244983596552,0,1
1.0,1.1279683113098145,5.907045364379883,-13.879965782165527,0.1863508049134044,12.90452747252747,-14.945054945054949,0.8136491950865956,0,1
1.0,1.202430248260498,0.18782435357570648,-18.293851852416992,0.3324559395742739,12.040468864468863,-12.835164835164846,0.6675440604257261,0,1
1.0,1.1593751907348633,-3.0415608882904053,-13.127142906188965,0.47207598992904565,11.90272039072039,-8.756043956043953,0.5279240100709544,0,1
1.0,1.0546085834503174,-4.765217304229736,-3.00868558883667,0.6128404669260696,12.165694749694751,-7.208791208791212,0.38715953307393036,0,1
1.0,0.9395604729652405,-4.005143165588379,7.041614532470703,0.7566567483024347,12.441191697191698,-6.997802197802201,0.24334325169756532,0,1
1.0,0.8797456622123718,-0.7695544958114624,11.130712509155273,0.9019989318684676,12.616507936507936,-10.162637362637355,0.09800106813153242,0,1
1.0,0.8971999287605286,1.5444811582565308,8.634214401245117,1.0362783245593956,10.725597069597065,-12.905494505494516,0.036278324559395614,1,1
1.0,0.9548720121383667,2.7108280658721924,2.9771876335144043,1.1266880292973216,5.278271062271063,-25.28351648351648,0.1266880292973216,1,1
1.0,1.023091435432434,2.4754951000213623,-3.068427324295044,1.1514839398794532,-0.619868131868131,-19.58681318681319,0.1514839398794532,1,0
1.0,1.0643211603164673,0.7698764204978943,-6.096855163574219,1.1240177004653997,-3.9133089133089136,-8.263736263736263,0.12401770046539973,1,0
1.0,1.0611279010772705,-0.614399790763855,-5.255751132965088,1.0725185015640495,-4.664664224664225,1.1604395604395563,0.07251850156404949,1,1
1.0,1.0345553159713745,-1.3074159622192383,-2.5870120525360107,1.0259784847791256,-3.3998827838827843,9.389010989010984,0.025978484779125566,1,1
1.0,0.9998401999473572,-1.3088321685791016,0.5379148721694946,1.0008010986495766,-1.0957264957264954,10.162637362637355,0.0008010986495765593,1,0
1.0,0.9755629301071167,-0.5752596259117126,2.4294400215148926,1.0000381475547417,0.6323907203907204,7.9824175824175825,3.814755474174092e-05,1,1
1.0,0.972018301486969,6.951761525516103e-18,2.51835298538208,1.0103379873350118,1.1207716727716708,4.817582417582429,0.010337987335011789,1,1
1.0,0.972018301486969,6.951761525516103e-18,2.51835298538208,1.023689631494621,1.1082490842490849,3.0593406593406485,0.02368963149462111,1,0
1.0,0.972018301486969,6.951761525516103e-18,2.51835298538208,1.0336079957274737,0.5447326007325977,1.723076923076917,0.03360799572747375,1,0
1.0,0.972018301486969,6.951761525516103e-18,2.51835298538208,1.0374227512016478,0.043829059829057826,1.8637362637362571,0.03742275120164784,1,0
1.0,0.972018301486969,6.951761525516103e-18,2.51835298538208,1.0374227512016478,-0.00626129426129296,1.793406593406587,0.03742275120164784,1,0
1.0,0.972018301486969,6.951761525516103e-18,2.51835298538208,1.0374227512016478,-0.00626129426129296,1.8637362637362571,0.03742275120164784,1,0
1.0,0.972018301486969,6.951761525516103e-18,2.51835298538208,1.0374227512016478,0.018783882783882433,1.6527472527472469,0.03742275120164784,1,0
1.0,0.972018301486969,6.951761525516103e-18,2.51835298538208,1.0374227512016478,-0.031306471306471906,1.5824175824175768,0.03742275120164784,1,0
1.0,0.972018301486969,6.951761525516103e-18,2.51835298538208,1.0374227512016478,-0.00626129426129296,1.793406593406587,0.03742275120164784,1,0
1.0,0.972018301486969,6.951761525516103e-18,2.51835298538208,1.0374227512016478,-0.00626129426129296,1.4417582417582366,0.03742275120164784,1,0
1.0,0.972018301486969,6.951761525516103e-18,2.51835298538208,1.0374227512016478,-0.0563516483516473,1.6527472527472469,0.03742275120164784,1,0
1.0,0.972018301486969,6.951761525516103e-18,2.51835298538208,1.0374227512016478,0.00626129426129296,2.0747252747252674,0.03742275120164784,1,0
0.9079809784889221,0.972018301486969,6.951761525516103e-18,-5.763359069824219,1.0374227512016478,0.00626129426129296,1.4417582417582366,0.03742275120164784,1,0
0.7653668522834778,0.9583221673965454,-0.9065962433815002,-17.003339767456055,1.0374227512016478,0.031306471306471906,1.6527472527472469,0.03742275120164784,1,0
0.6180340051651001,0.8930769562721252,-3.7155606746673584,-23.267641067504883,1.0374227512016478,0.018783882783882433,1.6527472527472469,0.03742275120164784,1,0
0.46689072251319885,0.7456351518630981,-7.145967483520508,-22.22861099243164,1.0374227512016478,0.00626129426129296,1.5824175824175768,0.03742275120164784,1,0
0.3128689229488373,0.521632194519043,-9.678966522216797,-14.917107582092285,1.0374227512016478,-0.0563516483516473,1.5120879120879067,0.03742275120164784,1,0
0.15691819787025452,0.26081347465515137,-10.10938835144043,-5.306819438934326,1.0374227512016478,-0.018783882783882433,1.723076923076917,0.03742275120164784,1,0
7.347880586115415e-16,0.020155197009444237,-8.262853622436523,1.4911737442016602,1.0374227512016478,-0.031306471306471906,1.4417582417582366,0.03742275120164784,1,0
-0.15691819787025452,-0.156389981508255,-5.298741817474365,2.0719573497772217,1.0194934004730296,-2.8363663003663007,-8.052747252747253,0.01949340047302961,1,1
-0.3128689229488373,-0.265066534280777,-3.073033571243286,-3.0730016231536865,0.9515907530327308,-8.396395604395604,-15.92967032967033,0.048409246967269226,0,1
-0.46689072251319885,-0.34188348054885864,-2.7711431980133057,-10.142194747924805,0.8188372625314724,-13.931379731379732,-8.334065934065933,0.18116273746852762,0,1
-0.6180340051651001,-0.43226295709609985,-3.990367889404297,-15.123247146606445,0.6372549019607838,-16.786529914529915,-2.2857142857142776,0.3627450980392162,0,1
-0.7653668522834778,-0.5644624829292297,-5.898926734924316,-15.721822738647461,0.4419394216830703,-17.387614163614163,1.1604395604395563,0.5580605783169297,0,1
-0.9079809784889221,-0.7423737645149231,-7.515533924102783,-11.898435592651367,0.24586099031052022,-16.686349206349206,15.085714285714289,0.7541390096894798,0,1
-1.0,-0.9463685750961304,-7.965722560882568,-1.6405391693115234,0.06351567864499863,-14.858051282051282,20.360439560439573,0.9364843213550014,0,1
-1.0,-1.1278473138809204,-5.912716388702393,13.871344566345215,-0.09822995345998287,-12.94209523809524,17.33626373626373,0.9017700465400171,0,1
-1.0,-1.2024718523025513,-0.19432049989700317,18.300195693969727,-0.244716563668268,-11.890197802197802,13.679120879120887,0.755283436331732,0,1
-1.0,-1.1595522165298462,3.0373189449310303,13.144771575927734,-0.3839551384756241,-11.84010744810745,10.584615384615375,0.6160448615243759,0,1
-1.0,-1.0548371076583862,4.7650227546691895,3.0293304920196533,-0.5231937132829785,-12.027946275946276,8.615384615384613,0.4768062867170215,0,1
-1.0,-0.9397252798080444,4.009999752044678,-7.028724670410156,-0.6662470435645069,-12.353533577533577,8.123076923076923,0.3337529564354931,0,1
-1.0,-0.8797488212585449,0.776667058467865,-11.133273124694824,-0.8108262760357068,-12.428669108669109,8.967032967032964,0.18917372396429322,0,1
-1.0,-0.8970449566841125,-1.5391299724578857,-8.650301933288574,-0.9451056687266348,-10.662984126984126,15.71868131868132,0.05489433127336518,0,1
-1.0,-0.9546365141868591,-2.7095019817352295,-2.998912811279297,-1.0351338979171434,-5.290793650793653,24.580219780219778,0.035133897917143386,1,1
-1.0,-1.0228947401046753,-2.4794681072235107,3.052313804626465,-1.059929808499275,0.619868131868131,20.219780219780233,0.059929808499274984,1,0
-1.0,-1.064277172088623,-0.7771438360214233,6.095803260803223,-1.0313191424429693,3.9133089133089136,8.615384615384613,0.031319142442969294,1,1
-1.0,-1.0611510276794434,0.6146764755249023,5.257721900939941,-0.9809643701838713,4.677186813186815,-1.5120879120879067,0.01903562981612872,0,1
-1.0,-1.034566879272461,1.3080312013626099,2.5878067016601562,-0.9344243533989474,3.34979242979243,-7.9824175824175825,0.06557564660105264,0,1
-1.0,-0.9998351335525513,1.309483528137207,-0.5386313796043396,-0.9096284428168158,1.083203907203906,-9.881318681318675,0.09037155718318424,0,0
-1.0,-0.9755454659461975,0.5755666494369507,-2.4311347007751465,-0.9096284428168158,-0.6574358974358958,-7.630769230769232,0.09037155718318424,0,0
-1.0,-0.9719988703727722,7.104964473947662e-22,-2.520101547241211,-0.9206912336919206,-1.1458168498168497,-5.5912087912088,0.07930876630807937,0,0
-1.0,-0.9719988703727722,7.104964473947662e-22,-2.520101547241211,-0.9332799267566951,-1.0581587301587305,-2.707692307692298,0.06672007324330487,0,0
-1.0,-0.9719988703727722,7.104964473947662e-22,-2.520101547241211,-0.9431982909895478,-0.5948229548229556,-1.6527472527472469,0.05680170901045223,0,0
-1.0,-0.9719988703727722,7.104964473947662e-22,-2.520101547241211,-0.9470130464637219,-0.11896459096459111,-1.723076923076917,0.052986953536278136,0,0
-1.0,-0.9719988703727722,7.104964473947662e-22,-2.520101547241211,-0.9466315709163045,-0.018783882783882433,-1.793406593406587,0.053368429083695546,0,0
-1.0,-0.9719988703727722,7.104964473947662e-22,-2.520101547241211,-0.9466315709163045,0.00626129426129296,-1.8637362637362571,0.053368429083695546,0,0
-1.0,-0.9719988703727722,7.104964473947662e-22,-2.520101547241211,-0.9466315709163045,-0.031306471306471906,-1.5824175824175768,0.053368429083695546,0,0
-1.0,-0.9719988703727722,7.104964473947662e-22,-2.520101547241211,-0.9466315709163045,-0.00626129426129296,-1.5120879120879067,0.053368429083695546,0,0
-1.0,-0.9719988703727722,7.104964473947662e-22,-2.520101547241211,-0.9466315709163045,-0.00626129426129296,-1.3714285714285666,0.053368429083695546,0,0
-1.0,-0.9719988703727722,7.104964473947662e-22,-2.520101547241211,-0.9466315709163045,-0.00626129426129296,-1.2307692307692264,0.053368429083695546,0,0
-1.0,-0.9719988703727722,7.104964473947662e-22,-2.520101547241211,-0.9466315709163045,-0.031306471306471906,-1.5120879120879067,0.053368429083695546,0,0
-1.0,-0.9719988703727722,7.104964473947662e-22,-2.520101547241211,-0.9466315709163045,0.00626129426129296,-1.5824175824175768,0.053368429083695546,0,0
-0.9079809784889221,-0.9719988703727722,7.104964473947662e-22,5.76161003112793,-0.9466315709163045,-0.018783882783882433,-1.3714285714285666,0.053368429083695546,0,0
-0.7653668522834778,-0.9583078622817993,0.9062629342079163,17.002185821533203,-0.9466315709163045,-0.00626129426129296,-1.6527472527472469,0.053368429083695546,0,0
-0.6180340051651001,-0.8930736184120178,3.7150771617889404,23.267534255981445,-0.9466315709163045,-0.031306471306471906,-1.5120879120879067,0.053368429083695546,0,0
-0.46689072251319885,-0.7456432580947876,7.145556926727295,22.22950553894043,-0.9466315709163045,0.031306471306471906,-1.1604395604395563,0.053368429083695546,0,0
-0.3128689229488373,-0.5216472744941711,9.678808212280273,14.91852855682373,-0.9466315709163045,-0.018783882783882433,-1.3714285714285666,0.053368429083695546,0,0
-0.15691819787025452,-0.2608279585838318,10.109574317932129,5.308048725128174,-0.9466315709163045,0.00626129426129296,-1.5824175824175768,0.053368429083695546,0,0
0.0542641282081604,-0.020161502063274384,8.26327133178711,3.392998218536377,-0.9466315709163045,0.018783882783882433,-1.5824175824175768,0.053368429083695546,0,0
-0.01739051379263401,0.17392009496688843,6.555958271026611,-19.8403377532959,-0.9290836957351036,2.7487081807081815,9.670329670329664,0.07091630426489637,0,1
0.1831641048192978,0.23971714079380035,-0.45520204305648804,-4.9076924324035645,-0.86041809719997,8.408918192918193,14.452747252747258,0.13958190280003002,0,1
0.28320613503456116,0.21784432232379913,-1.110338807106018,6.3266987800598145,-0.726901655603875,13.881289377289377,8.193406593406593,0.273098344396125,0,1
0.30871838331222534,0.2166825234889984,0.5570737719535828,8.06039810180664,-0.5445563439383534,16.77400732600733,-4.184615384615398,0.4554436560616466,0,1
0.3276427686214447,0.24974220991134644,1.7964308261871338,6.292478084564209,-0.34847791256580507,17.299956043956044,-9.037362637362634,0.6515220874341949,0,1
0.3936030864715576,0.30675265192985535,2.463750123977661,6.831038951873779,-0.15430685893034202,16.298148962148964,-5.169230769230779,0.845693141069658,0,1
0.5746046900749207,0.3807845115661621,3.1035702228546143,16.202388763427734,0.03643091477836258,16.348239316239315,-15.92967032967033,0.9635690852216374,0,1
0.5216073989868164,0.49522870779037476,5.377079486846924,0.22325041890144348,0.17338063630121248,7.895492063492064,-40.61538461538461,0.8266193636987875,0,0
0.5671160221099854,0.6142914891242981,3.740802764892578,-5.74211311340332,0.2500572213321135,5.403496947496951,-11.639560439560427,0.7499427786678865,0,0
0.7441787719726562,0.6734253168106079,0.9446288347244263,5.989959239959717,0.3118562600137338,5.052864468864467,-4.887912087912099,0.6881437399862662,0,0
0.8510846495628357,0.7097665667533875,1.7179560661315918,12.031444549560547,0.3622110322728318,3.7129474969475,-7.349450549450552,0.6377889677271682,0,0
0.7098066210746765,0.7807099223136902,3.4832022190093994,-7.774578094482422,0.39387350270847676,1.8721269841269859,-6.01318681318682,0.6061264972915232,0,0
0.8550786375999451,0.8257795572280884,0.18841871619224548,2.561549663543701,0.4163805600061039,1.9848302808302805,2.0747252747252674,0.5836194399938961,0,0
0.9535307288169861,0.8345432281494141,0.420998752117157,10.540475845336914,0.47283894102388047,7.306930402930398,17.758241758241752,0.5271610589761195,0,0
0.9463847279548645,0.8711656332015991,2.14365291595459,5.912257194519043,0.5533302815289538,6.555575091575093,-7.068131868131871,0.4466697184710462,0,0
0.9954075813293457,0.9351494908332825,2.6649703979492188,4.357240200042725,0.6193255512321656,4.977728937728937,-8.263736263736263,0.3806744487678344,0,0
0.9307451248168945,1.0065991878509521,2.748229742050171,-7.926157474517822,0.6937132829785604,7.607472527472524,7.560439560439562,0.3062867170214396,0,1
1.0,1.0348434448242188,-0.1784730702638626,-3.064520835876465,0.7993820096131845,10.174603174603178,4.184615384615398,0.2006179903868155,0,1
1.0,1.0247907638549805,-0.5174371004104614,-2.0241940021514893,0.8752956435492489,3.3873601953601984,-27.112087912087915,0.12470435645075106,0,0
1.0,1.0100758075714111,-0.567041277885437,-0.6800061464309692,0.9058136873426417,1.9222173382173366,-3.481318681318669,0.09418631265735833,0,0
0.9253513216972351,0.9985610842704773,-0.30507779121398926,-6.4668474197387695,0.9382391088731215,3.412405372405374,5.87252747252748,0.06176089112687855,0,1
0.9623565077781677,0.9757847785949707,-1.2897344827651978,-0.692650556564331,0.9756237125200276,2.974114774114774,-1.8637362637362571,0.024376287479972447,0,1
1.0,0.9476417303085327,-0.8619627356529236,5.0570292472839355,1.0111009384298466,3.0868180708180724,0.7384615384615358,0.011100938429846607,1,1
0.939423143863678,0.9469141960144043,0.4222926199436188,-0.8431117534637451,1.0267414358739604,-0.13148717948718058,-9.529670329670324,0.026741435873960384,1,0
0.9106823205947876,0.9505362510681152,1.786784873772135e-15,-3.5868537425994873,1.0275043869687952,0.043829059829057826,3.621978021978009,0.027504386968795203,1,0
0.9145599007606506,0.9505362510681152,1.786784873772135e-15,-3.2378716468811035,1.0278858625162126,0.018783882783882433,3.551648351648339,0.02788586251621261,1,0
0.8552678227424622,0.9505362510681152,1.786784873772135e-15,-8.574158668518066,1.0278858625162126,0.031306471306471906,3.1999999999999886,0.02788586251621261,1,0
0.8390964269638062,0.9290810823440552,-1.4350152015686035,-7.524612903594971,1.0156786449988555,-1.9222173382173366,-4.184615384615398,0.015678644998855518,1,1
0.7806137800216675,0.8770235180854797,-2.4112484455108643,-7.712377071380615,0.9973678187228199,-1.3086105006104987,4.325274725274738,0.0026321812771801234,0,0
0.7681514024734497,0.8017271161079407,-3.235241174697876,-1.7277177572250366,0.9950789654383154,0.5697777777777802,8.826373626373623,0.0049210345616845785,0,1
0.6537774801254272,0.7256414294242859,-2.5722033977508545,-5.438874244689941,0.9958419165331502,-0.2692356532356541,-1.723076923076917,0.00415808346684976,0,0
0.6695150136947632,0.6531108021736145,-2.906010866165161,2.6387834548950195,0.9851606012054628,-1.4714041514041512,-3.621978021978009,0.014839398794537217,0,1
0.4863457679748535,0.6004710793495178,-1.1993393898010254,-9.791542053222656,0.9672312504768446,-1.6467203907203931,0.4571428571428555,0.03276874952315545,0,1
0.372082382440567,0.5476921200752258,-2.6450817584991455,-14.746843338012695,0.9397650110627911,-3.0242051282051285,-3.481318681318669,0.06023498893720891,0,1
0.34282344579696655,0.44782593846321106,-4.738402843475342,-7.554862976074219,0.9019989318684676,-3.387360195360195,1.3714285714285666,0.09800106813153242,0,1
0.23181386291980743,0.31929904222488403,-5.015278339385986,-5.867554664611816,0.8573662928206307,-4.251418803418801,0.7384615384615358,0.1426337071793693,0,1
0.29918164014816284,0.1895046979188919,-4.853754997253418,11.812426567077637,0.8115892271305416,-3.7004249084249103,5.5912087912088,0.1884107728694584,0,0
0.06581372767686844,0.13017208874225616,-0.02518787793815136,-5.782177448272705,0.7574196993972695,-5.62890354090354,-3.340659340659329,0.2425803006027305,0,1
0.10371652245521545,0.11583612114191055,-0.9307355880737305,-0.7184696197509766,0.7001983672846563,-4.288986568986566,9.318681318681314,0.29980163271534366,0,0
0.009517231024801731,0.09583824872970581,-0.5939193964004517,-7.5313239097595215,0.6288624399176008,-7.695130647130647,-8.826373626373623,0.3711375600823992,0,1
-0.014601696282625198,0.06337398290634155,-1.7272084951400757,-6.326927185058594,0.5170901045242999,-11.138842490842492,-2.0043956043955973,0.48290989547570007,0,1
-0.21664495766162872,0.007874436676502228,-2.4150073528289795,-19.24074363708496,0.3946364538033116,-10.04937728937729,11.850549450549437,0.6053635461966884,0,1
-0.16207529604434967,-0.09857049584388733,-5.360839366912842,-3.571096181869507,0.2840085450522629,-9.047570207570207,12.272527472527486,0.7159914549477371,0,1
-0.338686466217041,-0.22888736426830292,-4.5708909034729,-8.053563117980957,0.2203021286335538,-2.4857338217338203,27.32307692307691,0.7796978713664462,0,0
-0.3317538797855377,-0.3550272583961487,-4.993142127990723,4.091860771179199,0.1787212939650562,-4.577006105006102,-5.73186813186814,0.8212787060349438,0,0
-0.4947981536388397,-0.44893622398376465,-2.3011181354522705,-3.2071263790130615,0.13408865491721933,-3.2370891330891354,7.630769230769232,0.8659113450827807,0,0
-0.44571125507354736,-0.5084768533706665,-2.2150328159332275,6.534916877746582,0.0913633936064695,-3.988444444444447,-1.3714285714285666,0.9086366063935305,0,0
-0.6226829290390015,-0.5305639505386353,0.14216233789920807,-8.347573280334473,0.0455863279163804,-3.8757411477411488,3.9032967032966894,0.9544136720836196,0,0
-0.7164448499679565,-0.5480806827545166,-1.2761825323104858,-14.642301559448242,-0.03109025711451885,-8.959912087912087,-14.874725274725279,0.9689097428854812,0,0
-0.7286009192466736,-0.6156904697418213,-3.5949831008911133,-8.723947525024414,-0.1245517662317841,-7.306930402930405,12.061538461538476,0.8754482337682159,0,0
-0.8417139053344727,-0.721262514591217,-4.3740997314453125,-9.090985298156738,-0.2199206530861364,-9.022525030525031,-0.38681318681318544,0.7800793469138636,0,0
-0.7447958588600159,-0.8458407521247864,-5.054452419281006,11.115821838378906,-0.30994888227664674,-6.5305299145299145,14.452747252747258,0.6900511177233533,0,0
-0.9224097728729248,-0.9125559329986572,-0.36668312549591064,-0.7401723265647888,-0.3923476005188071,-7.582427350427352,0.9494505494505461,0.6076523994811929,0,0
-0.9141836166381836,-0.919661283493042,-0.1636158972978592,0.558436393737793,-0.4568169680323493,-3.838173382173384,18.461538461538453,0.5431830319676507,0,0
-0.8350273966789246,-0.9202932119369507,-1.7833154268201814e-15,7.673923492431641,-0.5113679713130388,-5.4535873015873015,-4.747252747252759,0.4886320286869612,0,0
-0.8535314202308655,-0.9012991786003113,1.2675821781158447,3.792065382003784,-0.5884260318913554,-7.544859584859584,-4.184615384615398,0.41157396810864455,0,0
-0.9811090230941772,-0.8638255000114441,1.5352271795272827,-11.169608116149902,-0.6708247501335158,-6.643233211233213,6.364835164835171,0.32917524986648417,0,0
-0.9224637746810913,-0.8691037893295288,-1.214953899383545,-4.316417217254639,-0.7505531395437561,-7.056478632478633,0.8087912087912059,0.24944686045624387,0,1
-1.0,-0.9069123268127441,-1.6018496751785278,-7.7371506690979,-0.7978561074235149,-1.5590622710622704,21.204395604395614,0.20214389257648513,0,0
-0.9805256724357605,-0.9634460210800171,-2.587233543395996,-0.5022752285003662,-0.8222705424582291,-2.6610500610500623,-6.646153846153851,0.17772945754177094,0,0
-0.9163509607315063,-1.0205562114715576,-1.7890924215316772,10.094109535217285,-0.8512626840619522,-2.247804639804638,-0.38681318681318544,0.14873731593804784,0,0
-0.9807767271995544,-1.022767424583435,0.9258652925491333,3.4088165760040283,-0.8554589150835437,1.1458168498168497,11.217582417582406,0.14454108491645634,0,0
-0.9543296694755554,-0.9943565130233765,1.184396505355835,3.128657341003418,-0.8348592355230036,2.147623931623933,2.778021978021968,0.16514076447699644,0,0
-1.0,-0.960810661315918,1.3295621871948242,-4.058865547180176,-0.835240711070421,-1.847081807081807,-16.91428571428571,0.16475928892957903,0,0
-0.9524431824684143,-0.9489431381225586,-0.14799948036670685,-0.2558042109012604,-0.8554589150835437,-1.7218559218559228,-1.5824175824175768,0.14454108491645634,0,0
-0.9750838875770569,-0.949998140335083,-1.7937373202031983e-15,-2.2577171325683594,-0.8867399099717712,-3.5000634920634894,-7.701098901098902,0.11326009002822879,0,0
-0.8915481567382812,-0.949998140335083,-1.7937373202031983e-15,5.260498523712158,-0.9237430380712599,-2.823843711843711,2.1450549450549374,0.0762569619287401,0,0
-0.8428731560707092,-0.9377196431159973,0.8098655343055725,8.212237358093262,-0.9332799267566951,0.757616605616608,11.217582417582406,0.06672007324330487,0,0
-0.7056398987770081,-0.8983433246612549,2.0317764282226562,16.530597686767578,-0.9260318913557644,0.36941636141635925,-2.4263736263736178,0.07396810864423564,0,0
-0.7991149425506592,-0.8080441951751709,4.558304786682129,-1.0196892023086548,-0.9187838559548336,0.8202295482295483,0.31648351648351536,0.08121614404516642,0,0
-0.6635496020317078,-0.7119481563568115,2.8280255794525146,3.2246596813201904,-0.9176394293125814,-0.43202930402930306,-6.2241758241758305,0.08236057068741864,0,0
-0.624799907207489,-0.6402574181556702,2.620922088623047,0.3428071439266205,-0.9187838559548336,0.06887423687423677,2.2857142857142776,0.08121614404516642,0,0
-0.49520033597946167,-0.5829440951347351,1.7739821672439575,7.187345504760742,-0.9184023804074162,-0.0563516483516473,-2.2857142857142776,0.08159761959258383,0,0
-0.4847210645675659,-0.5239343047142029,2.6207168102264404,2.4809048175811768,-0.9035248340581372,2.398075702075701,7.560439560439562,0.09647516594186278,0,0
-0.4740639626979828,-0.45937293767929077,2.2926557064056396,-2.2392544746398926,-0.86041809719997,4.777367521367523,6.08351648351649,0.13958190280003002,0,1
-0.2330339550971985,-0.41907092928886414,0.8602036833763123,16.399246215820312,-0.77649347676814,9.110183150183147,9.248351648351644,0.22350652323186004,0,1
-0.1807972490787506,-0.3565148711204529,3.568586826324463,14.387151718139648,-0.6914244296940559,5.5662905982906,-20.64175824175824,0.30857557030594407,0,1
-0.0808151364326477,-0.23609471321105957,5.423773288726807,11.805652618408203,-0.6284809643701834,5.265748473748474,-5.3098901098901194,0.3715190356298166,0,0
-0.09495726972818375,-0.07981565594673157,6.399583339691162,-3.9225785732269287,-0.5731670099946591,4.401689865689864,-7.419780219780222,0.4268329900053409,0,0
0.021115513518452644,0.04619000852108002,3.3444039821624756,-3.594466209411621,-0.510605020218204,6.229987789987792,2.637362637362628,0.489394979781796,0,0
0.08115242421627045,0.10498226433992386,1.2555944919586182,-2.646923303604126,-0.4419394216830703,5.541245421245421,-6.857142857142861,0.5580605783169297,0,0
0.17600178718566895,0.12019947171211243,3.8484358810819685e-08,5.022208213806152,-0.3915846494239723,3.224566544566546,-11.780219780219767,0.6084153505760277,0,0
0.18588849902153015,0.13180223107337952,0.763706386089325,4.562281608581543,-0.32253757534142125,8.24612454212454,13.608791208791217,0.6774624246585788,0,0
0.26919126510620117,0.15985313057899475,1.2905299663543701,9.324219703674316,-0.2122911421377882,10.450100122100118,-0.4571428571428555,0.7877088578622118,0,1
0.287763386964798,0.2134888917207718,2.632852077484131,5.631563663482666,-0.08487830930037354,11.264068376068373,-6.786813186813191,0.9151216906996265,0,1
0.41460302472114563,0.28798478841781616,2.9935290813446045,10.198229789733887,0.018501564049744346,6.931252747252749,-22.189010989010995,0.9814984359502557,0,0
0.47091373801231384,0.3836894631385803,4.180145740509033,6.178126335144043,0.08525978484779095,4.852503052503053,-10.373626373626365,0.914740215152209,0,0
0.5993008613586426,0.49539342522621155,4.29987907409668,7.631717681884766,0.13408865491721933,3.587721611721612,-7.1384615384615415,0.8659113450827807,0,0
0.6625494360923767,0.6141008734703064,4.699021339416504,2.480762004852295,0.18101014724956066,4.426735042735043,0.8087912087912059,0.8189898527504393,0,0
0.7021332383155823,0.7258892059326172,3.8284170627593994,-3.6694040298461914,0.22755016403448458,3.687902319902321,-5.52087912087913,0.7724498359655154,0,0
0.7189655900001526,0.7952963709831238,1.5837692022323608,-7.503277778625488,0.2748531319142451,4.439257631257629,0.9494505494505461,0.7251468680857549,0,0
0.7218672037124634,0.8016051054000854,-0.5626916885375977,-6.951334476470947,0.32291905088883865,3.9133089133089136,-3.9736263736263595,0.6770809491111613,0,0
0.9484040141105652,0.7714738845825195,-1.5920219421386719,16.56052017211914,0.3824292362859545,6.079716727716729,6.08351648351649,0.6175707637140455,0,0
0.8589481115341187,0.7897913455963135,2.087476968765259,5.389118194580078,0.46063172350652337,7.244317460317461,0.879120879120876,0.5393682764934766,0,0
0.922889232635498,0.8509605526924133,2.5141515731811523,5.467920780181885,0.5586709391927975,9.485860805860803,2.637362637362628,0.44132906080720247,0,1
1.0,0.9222344160079956,2.866549015045166,5.852283000946045,0.6692988479438462,9.573518925518925,-6.15384615384616,0.3307011520561538,0,1
0.9605246782302856,1.0027737617492676,3.222069501876831,-5.091245174407959,0.7650492103456177,7.106568986568988,-13.679120879120887,0.23495078965438232,0,1
0.9513428807258606,1.052837610244751,0.7530349493026733,-9.435739517211914,0.8226520180056465,3.1494310134310126,-16.42197802197802,0.17734798199435353,0,0
1.0,1.040474772453308,-1.2129994630813599,-3.157529830932617,0.8348592355230036,-0.6950036630036607,-12.553846153846166,0.16514076447699644,0,0
1.0,1.006179690361023,-1.3582324981689453,-0.012879133224487305,0.8581292439154655,4.151238095238096,20.712087912087924,0.14187075608453448,0,0
1.0,0.9788172245025635,-0.749179482460022,2.2061216831207275,0.9012359807736328,3.212043956043953,-3.551648351648339,0.09876401922636724,0,0
0.9013078212738037,0.9723494052886963,3.47552548868496e-18,-6.393742561340332,0.9393835355153737,3.324747252747251,1.793406593406587,0.06061646448462632,0,0
0.9652760624885559,0.9568920135498047,-1.0267308950424194,1.1652567386627197,0.9855420767528802,4.614573870573867,5.45054945054946,0.014457923247119808,0,1
1.0,0.9413228034973145,-0.20568619668483734,5.363222122192383,1.0267414358739604,2.5107789987789992,-7.068131868131871,0.026741435873960384,1,1
0.9676001071929932,0.9512701034545898,0.7397770285606384,1.1737895011901855,1.0381857022964827,-0.16905494505494545,-7.560439560439562,0.03818570229648266,1,0
0.9082109332084656,0.9683892130851746,0.5519319176673889,-5.636817932128906,1.0378042267490653,0.08139682539682269,1.2307692307692264,0.03780422674906525,1,0
0.7600590586662292,0.9627832174301147,-0.6384286880493164,-17.989803314208984,1.0378042267490653,-0.043829059829057826,1.6527472527472469,0.03780422674906525,1,0
0.779148280620575,0.901196300983429,-3.670983076095581,-9.515928268432617,1.0378042267490653,0.00626129426129296,1.723076923076917,0.03780422674906525,1,0
0.7730441093444824,0.7916565537452698,-4.589364051818848,0.160625621676445,1.0187304493781948,-3.061772893772897,-9.248351648351644,0.01873044937819479,1,1
0.6670527458190918,0.6916595101356506,-3.077671527862549,-0.9835401773452759,0.9901197833218891,-1.9096947496947472,7.208791208791212,0.009880216678110898,0,1
0.6519148945808411,0.6217122673988342,-2.2721006870269775,3.6270766258239746,0.9851606012054628,0.6699584859584853,11.076923076923066,0.014839398794537217,0,0
0.6224786639213562,0.5872750878334045,-0.4697515070438385,3.35622239112854,0.992790112153811,0.6699584859584853,3.0593406593406485,0.007209887846189034,0,0
0.45433729887008667,0.5855562090873718,1.7376423895633536e-18,-11.809701919555664,0.9885938811322195,-1.083203907203906,-5.5912087912088,0.011406118867780535,0,1
0.3640860319137573,0.5553637146949768,-2.0282442569732666,-16.40369415283203,0.9409094377050433,-6.605665445665444,-15.36703296703297,0.05909056229495668,0,1
0.3502466082572937,0.465484619140625,-4.53250789642334,-8.558418273925781,0.8585107194628829,-7.4446788766788785,5.098901098901109,0.14148928053711707,0,1
0.23062974214553833,0.3387773931026459,-5.068009376525879,-7.706084728240967,0.7856488899061578,-5.20313553113553,14.382417582417588,0.21435111009384222,0,1
0.16922593116760254,0.20228613913059235,-5.2944865226745605,-0.8576241135597229,0.7261387045090402,-5.128,4.395604395604408,0.27386129549095983,0,1
0.23359988629817963,0.082776740193367,-3.8466296195983887,15.1127347946167,0.676546883344777,-3.5751990231990227,9.951648351648345,0.323453116655223,0,0
0.051532089710235596,0.057051993906497955,0.9192936420440674,-0.8645088076591492,0.6445029373617146,-2.110056166056168,7.771428571428572,0.3554970626382854,0,0
-0.05624613165855408,0.07126332074403763,0.2009059637784958,-11.556212425231934,0.5971999694819559,-5.729084249084249,-9.951648351648345,0.40280003051804414,0,0
-0.027959860861301422,0.0464491993188858,-1.8162840604782104,-5.970301628112793,0.5083161669336995,-9.298021978021975,-4.325274725274738,0.4916838330663005,0,1
-0.23505854606628418,-0.010104769840836525,-2.4157118797302246,-19.27955436706543,0.40493629358358163,-8.584234432234432,11.709890109890097,0.5950637064164184,0,1
-0.18452471494674683,-0.11666896194219589,-5.368379592895508,-3.9596660137176514,0.3049897001602204,-8.596757020757021,7.701098901098902,0.6950102998397796,0,1
-0.31505993008613586,-0.2484261691570282,-4.6694207191467285,-4.129270076751709,0.2122911421377882,-7.4446788766788785,10.443956043956035,0.7877088578622118,0,0
-0.3630323112010956,-0.36495664715766907,-4.202215194702148,1.8540762662887573,0.16422522316319466,-1.3211330891330881,24.580219780219778,0.8357747768368053,0,0
-0.5244664549827576,-0.44986966252326965,-2.3483853340148926,-5.774357318878174,0.1409552147707327,-2.6234822954822974,-5.73186813186814,0.8590447852292673,0,0
-0.5856915712356567,-0.5181995034217834,-2.799133062362671,-4.954632759094238,0.08831158922713023,-6.12980708180708,-9.951648351648345,0.9116884107728698,0,0
-0.5587708353996277,-0.5945355296134949,-2.980506658554077,4.411025047302246,0.02155336842908362,-5.441064713064712,7.701098901098902,0.9784466315709164,0,0
-0.7397224307060242,-0.6418720483779907,-0.7675068378448486,-8.499531745910645,-0.0665674830243379,-9.5985641025641,-8.826373626373623,0.9334325169756621,0,0
-0.7573843002319336,-0.6810470223426819,-2.050873041152954,-6.050005912780762,-0.16269932097352502,-7.1441367521367525,16.0,0.837300679026475,0,0
-0.7519242763519287,-0.7432741522789001,-2.6188743114471436,0.2690385580062866,-0.24433508812085059,-6.8310720390720405,4.676923076923089,0.7556649118791494,0,0
-0.8636623024940491,-0.7983453273773193,-1.6168071031570435,-5.231804847717285,-0.3168154421301601,-5.729084249084249,9.248351648351644,0.6831845578698399,0,0
-0.8763578534126282,-0.8481457233428955,-2.108259916305542,-1.695787787437439,-0.39692530708781604,-7.958105006105008,-2.9890109890109784,0.603074692912184,0,0
-0.8065599799156189,-0.898402214050293,-1.7210520505905151,8.954221725463867,-0.49305714503700315,-8.421440781440783,3.7626373626373493,0.5069428549629968,0,0
-0.8388081789016724,-0.9033622145652771,0.7122938632965088,5.5249457359313965,-0.5682078278782328,-4.752322344322344,17.47692307692307,0.43179217212176724,0,0
-0.9377065300941467,-0.8737460374832153,1.4392849206924438,-6.332158088684082,-0.6307698176546879,-6.042148962148964,-2.778021978021968,0.36923018234531213,0,0
-0.9656757712364197,-0.8666719794273376,-0.43177053332328796,-8.737632751464844,-0.6967650873578997,-5.315838827838828,4.887912087912099,0.30323491264210034,0,0
-1.0,-0.8986582159996033,-1.8199654817581177,-8.39277458190918,-0.7417792019531539,-2.5984371184371184,10.654945054945046,0.25822079804684606,0,0
-0.9013375043869019,-0.9620866179466248,-2.889099597930908,6.62306022644043,-0.7757305256733051,-3.2746568986569002,-3.9736263736263595,0.22426947432669486,0,0
-0.9853942394256592,-0.9984506368637085,-0.08500576764345169,1.209078073501587,-0.8115892271305416,-2.9991599511599496,1.5120879120879067,0.1884107728694584,0,0
-0.9385659098625183,-0.9985360503196716,7.240932287136066e-22,5.397312641143799,-0.8230334935530639,0.5196874236874223,10.936263736263726,0.17696650644693612,0,0
-0.9753768444061279,-0.9858706593513489,0.8362698554992676,0.6099354028701782,-0.8115892271305416,1.2835653235653233,1.3010989010988965,0.1884107728694584,0,0
-0.896902859210968,-0.9684064388275146,0.49600309133529663,6.2369208335876465,-0.8150225070572983,-1.6467203907203931,-12.553846153846166,0.18497749294270172,0,0
-0.9342173337936401,-0.9418210387229919,1.401402473449707,0.12377245724201202,-0.8463035019455258,-3.6753797313797314,-9.389010989010984,0.15369649805447416,0,0
-0.8821095824241638,-0.9130837321281433,0.80893874168396,2.4640979766845703,-0.8966582742046239,-4.952683760683762,-3.0593406593406485,0.10334172579537615,0,1
-0.9612998366355896,-0.8902609348297119,0.8915783762931824,-6.7501325607299805,-0.9267948424505992,-0.6824810744810748,15.085714285714289,0.07320515754940082,0,0
-0.8669500350952148,-0.8935391902923584,-0.6945953965187073,2.6708621978759766,-0.9306095979247733,-0.13148717948718058,-1.4417582417582366,0.06939040207522673,0,0
-0.770238995552063,-0.898388683795929,-6.958588247111503e-18,11.533472061157227,-0.9241245136186773,1.1833846153846181,4.114285714285728,0.07587548638132269,0,0
-0.8394820094108582,-0.868937075138092,1.9779784679412842,1.859764575958252,-0.9142061493858247,0.4821196581196574,-3.2703296703296587,0.08579385061417533,0,0
-0.7191857099533081,-0.8211255073547363,1.66066575050354,8.510315895080566,-0.8970397497520413,2.3479853479853467,5.94285714285715,0.10296025024795874,0,0
-0.7162076234817505,-0.7610853910446167,2.781989097595215,2.926203489303589,-0.8745326924544141,1.5089719169719196,-4.817582417582429,0.12546730754558588,0,0
-0.5863895416259766,-0.6913983225822449,2.5176713466644287,8.443721771240234,-0.8535515373464566,2.0724884004883997,0.5274725274725256,0.1464484626535434,0,0
-0.45869138836860657,-0.6115908026695251,3.4623708724975586,12.375998497009277,-0.8478294041351955,-0.7826617826617834,-13.116483516483527,0.15217059586480453,0,0
-0.5359691381454468,-0.4990600347518921,4.966395378112793,-5.308377265930176,-0.8474479285877781,0.6824810744810748,4.254945054945068,0.15255207141222193,0,0
-0.3226696848869324,-0.4106186628341675,1.9435055255889893,7.13800573348999,-0.8157854581521331,4.376644688644689,12.342857142857156,0.1842145418478669,0,1
-0.2959917187690735,-0.34780368208885193,2.747727870941162,3.563985586166382,-0.7726787212939659,3.1118632478632478,-8.404395604395603,0.22732127870603414,0,0
-0.21557581424713135,-0.2768886685371399,2.636641025543213,4.463500499725342,-0.7257572289616228,4.8399804639804636,2.9186813186813083,0.27424277103837724,0,0
-0.2168143391609192,-0.20577026903629303,2.749351978302002,-2.0937070846557617,-0.6715877012283507,4.4142124542124535,-6.294505494505501,0.32841229877164935,0,0
-0.0912354439496994,-0.15456871688365936,1.2324485778808594,5.207015037536621,-0.6071183337148085,6.480439560439564,2.4263736263736178,0.3928816662851915,0,1
0.0,-0.11376434564590454,1.7958155870437622,9.520464897155762,-0.5094605935759517,9.874061050061052,3.8329670329670193,0.49053940642404825,0,1
0.0,-0.04780474305152893,3.0821123123168945,3.069581985473633,-0.420195315480278,5.716561660561663,-23.103296703296706,0.579804684519722,0,0
0.0,0.02920876443386078,2.777184009552002,-3.7396624088287354,-0.3419928282597091,7.457201465201464,2.0747252747252674,0.6580071717402909,0,0
0.0,0.07462041825056076,0.8054821491241455,-7.038030624389648,-0.2580682078278791,6.90620757020757,-8.615384615384613,0.7419317921721209,0,0
0.0,0.06913115829229355,-0.7814328074455261,-5.909231185913086,-0.18101014724956066,6.417826617826613,-6.927472527472531,0.8189898527504393,0,0
0.0,0.03681756556034088,-1.5700769424438477,-2.6855502128601074,-0.12493324177920151,3.4624957264957246,-13.468131868131877,0.8750667582207985,0,0
0.0,-0.00426208321005106,-1.5348191261291504,0.9975151419639587,-0.08030060273136463,4.176283272283275,0.4571428571428555,0.9196993972686354,0,0
0.0,-0.03202144056558609,-0.6275280714035034,3.1329407691955566,-0.019645990691996573,6.12980708180708,3.340659340659329,0.9803540093080034,0,0
0.0,-0.03520520403981209,-5.433437700167483e-19,3.168468475341797,0.04520485236896299,5.052864468864467,-7.771428571428572,0.954795147631037,0,0
0.0,-0.03520520403981209,-5.433437700167483e-19,3.168468475341797,0.08793011367971282,2.3855531135531116,-11.147252747252736,0.9120698863202872,0,0
0.0,-0.03520520403981209,-5.433437700167483e-19,3.168468475341797,0.09784847791256546,-0.3819389499389487,-9.459340659340654,0.9021515220874345,0,0
0.0,-0.03520520403981209,-5.433437700167483e-19,3.168468475341797,0.08525978484779095,-1.7343785103785088,-6.01318681318682,0.914740215152209,0,0
0.0,-0.03520520403981209,-5.433437700167483e-19,3.168468475341797,0.06351567864499863,-1.9347399267399261,-0.879120879120876,0.9364843213550014,0,0
0.0,-0.03520520403981209,-5.433437700167483e-19,3.168468475341797,0.04444190127412817,-1.4213137973137968,2.778021978021968,0.9555580987258718,0,0
0.0,-0.03520520403981209,-5.433437700167483e-19,3.168468475341797,0.03414206149385812,-0.40698412698412767,3.1999999999999886,0.9658579385061419,0,0
0.0,-0.03520520403981209,-5.433437700167483e-19,3.168468475341797,0.032997634851605895,0.00626129426129296,2.4263736263736178,0.9670023651483941,0,0
0.0,-0.03520520403981209,-5.433437700167483e-19,3.168468475341797,0.03566796368352776,0.2942808302808295,1.5120879120879067,0.9643320363164722,0,0
0.0,-0.03520520403981209,-5.433437700167483e-19,3.168468475341797,0.03833829251544962,0.2692356532356541,0.5978021978021957,0.9616617074845504,0,0
0.0,-0.03520520403981209,-5.433437700167483e-19,3.168468475341797,0.04024567025253667,0.018783882783882433,1.3714285714285666,0.9597543297474633,0,0
0.0,-0.03520520403981209,-5.433437700167483e-19,3.168468475341797,0.03986419470511926,-0.043829059829057826,0.7384615384615358,0.9601358052948807,0,0
